0.6598002910614014
0.4977084696292877
0.20208315551280975
0.20930986106395721
0.6976538896560669
0.31774747371673584
0.21351327002048492
0.6337408423423767
0.6972979307174683
0.7116186618804932
0.5050280690193176
0.45642536878585815
0.2088475376367569
0.5896124243736267
0.2568405866622925
0.2092723399400711
0.5617520809173584
0.5934798717498779
0.20941881835460663
0.18132749199867249
0.4836263656616211
0.1863437443971634
0.5127977132797241
0.41092848777770996
0.17601637542247772
0.20922233164310455
0.2308255136013031
0.28367358446121216
0.3049720823764801
0.30890849232673645
0.5759363770484924
0.1933576762676239
0.8324216604232788
0.7525339126586914
0.7831242084503174
0.20927196741104126
0.19591514766216278
0.47602057456970215
0.6872117519378662
0.2098369151353836
0.6700744032859802
0.3453989028930664
0.5018467903137207
0.21925689280033112
0.8087723851203918
0.3142881691455841
0.7461937665939331
0.7389569282531738
0.2705405354499817
0.32426509261131287
0.22551237046718597
0.6029068231582642
0.20770789682865143
0.46203935146331787
0.25217288732528687
0.20399856567382812
0.42535945773124695
0.3369954824447632
0.33078110218048096
0.44137057662010193
0.9483364820480347
0.25549745559692383
0.7980201244354248
0.8157298564910889
0.19513577222824097
0.9010748863220215
0.19055423140525818
0.4127996265888214
0.3733181953430176
0.4666306674480438
0.19323067367076874
0.5701198577880859
0.18422704935073853
0.27783000469207764
0.2199944108724594
0.6919525861740112
0.5313301086425781
0.5337893962860107
0.31534484028816223
0.29833561182022095
0.1233602911233902
0.23925960063934326
0.3547166585922241
0.17731714248657227
0.4315575063228607
0.48750728368759155
0.43998032808303833
0.27906668186187744
0.2788253128528595
0.20434080064296722
0.8677490949630737
0.18868209421634674
0.22109168767929077
0.8124780654907227
0.8268612027168274
0.8497446775436401
0.5593714714050293
0.7230542898178101
0.627509593963623
0.19220377504825592
0.5884801149368286
0.145912304520607
0.5073481798171997
0.5647865533828735
0.1933484673500061
0.5477638244628906
0.6698026657104492
0.48153966665267944
0.7965285778045654
0.553886890411377
0.19010980427265167
0.22958390414714813
0.6145185232162476
0.5133297443389893
0.3371120095252991
0.31860238313674927
0.20266564190387726
0.1894969791173935
0.4449523091316223
0.1786222606897354
0.25829944014549255
0.19525782763957977
0.26527827978134155
0.1850147843360901
0.4256732761859894
0.25274330377578735
0.19979436695575714
0.6391249895095825
0.6340243220329285
0.2007300853729248
0.6270635724067688
0.7062827944755554
0.8022814989089966
0.6058652997016907
0.7731704711914062
0.4146357476711273
0.19399255514144897
0.6535534262657166
0.7347058057785034
0.6477723717689514
0.2168266773223877
0.4982779920101166
0.6828107833862305
0.328130841255188
0.20094618201255798
0.49653011560440063
0.5154721140861511
0.28498512506484985
0.5923932790756226
0.3872361183166504
0.4012868404388428
0.5495061278343201
0.4695512652397156
0.6321336030960083
0.32585352659225464
0.3079948425292969
0.2775062918663025
0.42112594842910767
0.599868655204773
0.35463568568229675
0.19770203530788422
0.2545524835586548
0.6386800408363342
0.8023016452789307
0.7218788862228394
0.205806702375412
0.7812817096710205
0.42279744148254395
0.6700669527053833
0.21011684834957123
0.7286684513092041
0.5765126943588257
0.6072860956192017
0.37410590052604675
0.6610828042030334
0.18811479210853577
0.22537773847579956
0.6746522188186646
0.6313478946685791
0.7521991729736328
0.6694904565811157
0.6933853030204773
0.18881355226039886
0.5226768851280212
0.1846519112586975
0.6074198484420776
0.2178216427564621
0.49324503540992737
0.5474323034286499
0.5029159784317017
0.7336366176605225
0.18140166997909546
0.17647676169872284
0.23317095637321472
0.32486197352409363
0.18565061688423157
0.7582173943519592
0.21178436279296875
0.3323168158531189
0.40123963356018066
0.4725760221481323
0.19605332612991333
0.16848766803741455
0.3109353482723236
0.19172485172748566
0.20022167265415192
0.4310697317123413
0.3675168752670288
0.5324070453643799
0.19410084187984467
0.18472692370414734
0.1972235143184662
0.5587157011032104
0.5846498012542725
0.701287031173706
0.45917364954948425
0.15933071076869965
0.227965846657753
0.4142031967639923
0.22917994856834412
0.23020204901695251
0.18616026639938354
0.19623170793056488
0.6086877584457397
0.6215789318084717
0.7009214758872986
0.7863698601722717
0.19087275862693787
0.35003969073295593
0.3643999397754669
0.17891742289066315
0.1849733293056488
0.2648172676563263
0.31156790256500244
0.1949295550584793
0.46607494354248047
0.39263638854026794
0.49784010648727417
0.44949090480804443
0.21761994063854218
0.18493369221687317
0.8387616872787476
0.7560189962387085
0.7076272368431091
0.12798979878425598
0.6804754734039307
0.7463834881782532
0.1417006403207779
0.5947611331939697
0.45786628127098083
0.7355691194534302
0.1933239847421646
0.5876084566116333
0.5289905667304993
0.20191647112369537
0.19256967306137085
0.5699967741966248
0.4797976016998291
0.12209990620613098
0.6542547941207886
0.6527447700500488
0.6532857418060303
0.19625234603881836
0.649703860282898
0.5079219341278076
0.5195648670196533
0.2028052657842636
0.5723453760147095
0.19351263344287872
0.4906436800956726
0.3486573100090027
0.2513505816459656
0.19765342772006989
0.355233758687973
0.1682194322347641
0.456088662147522
0.18557459115982056
0.28277039527893066
0.4363517463207245
0.4184252619743347
0.4594075679779053
0.1919437199831009
0.8914645910263062
0.31106477975845337
0.1394832730293274
0.8591561317443848
0.42886844277381897
0.8631225824356079
0.19100472331047058
0.21027784049510956
0.30011749267578125
0.4962623417377472
0.494710236787796
0.4519246816635132
0.3460816740989685
0.22178268432617188
0.19824674725532532
0.2637506127357483
0.2558969557285309
0.2647142708301544
0.21301613748073578
0.49761322140693665
0.7948023080825806
0.1962960660457611
0.553128719329834
0.5406073331832886
0.19912348687648773
0.23317711055278778
0.6412753462791443
0.5946306586265564
0.6830510497093201
0.659334659576416
0.18682053685188293
0.47454535961151123
0.22475992143154144
0.6126745343208313
0.45265862345695496
0.22958248853683472
0.7212575674057007
0.5776307582855225
0.2097841054201126
0.19875460863113403
0.4764588475227356
0.47340288758277893
0.6405880451202393
0.7766399383544922
0.5613973140716553
0.1976393759250641
0.8509764075279236
0.2167244255542755
0.19005021452903748
0.35900959372520447
0.16601140797138214
0.45599642395973206
0.3871375024318695
0.32747942209243774
0.1772955358028412
0.5134626030921936
0.424407035112381
0.1936444342136383
0.8177180290222168
0.32748955488204956
0.5198730230331421
0.590822696685791
0.1959260255098343
0.4514610469341278
0.6465729475021362
0.22548316419124603
0.5520092248916626
0.42115068435668945
0.43631428480148315
0.4179026782512665
0.18262353539466858
0.2043493092060089
0.6716717481613159
0.698684573173523
0.19026848673820496
0.8127357959747314
0.7703750133514404
0.20303767919540405
0.640353798866272
0.18860988318920135
0.6333020925521851
0.1838354915380478
0.6528546810150146
0.3505030572414398
0.20851416885852814
0.21094778180122375
0.22776931524276733
0.1858776956796646
0.262175053358078
0.2706378698348999
0.1983182579278946
0.2166021168231964
0.2190568894147873
0.41927143931388855
0.4992392063140869
0.2715660035610199
0.1909216344356537
0.11491020023822784
0.26478099822998047
0.21130035817623138
0.20442767441272736
0.3674119710922241
0.2002405822277069
0.1933850347995758
0.4894477427005768
0.4937303066253662
0.48905500769615173
0.5728759169578552
0.7959614992141724
0.4900856912136078
0.19305141270160675
0.20842382311820984
0.378608375787735
0.5049862265586853
0.7510949373245239
0.7040479779243469
0.21059700846672058
0.7304631471633911
0.19393470883369446
0.7247660160064697
0.24573934078216553
0.2378844916820526
0.17373743653297424
0.2144068032503128
0.2536974251270294
0.21133998036384583
0.20359107851982117
0.3686985969543457
0.37176257371902466
0.18067555129528046
0.2518083453178406
0.37682634592056274
0.7418049573898315
0.8022350072860718
0.20080992579460144
0.20159576833248138
0.6589400768280029
0.755794882774353
0.41271573305130005
0.4576215147972107
0.21239081025123596
0.5566921234130859
0.41854000091552734
0.4484388530254364
0.31326985359191895
0.18865282833576202
0.4099208414554596
0.2227756381034851
0.3236633539199829
0.30381736159324646
0.24692749977111816
0.19410069286823273
0.5070557594299316
0.5567798614501953
0.506978452205658
0.33954983949661255
0.3927972614765167
0.18769311904907227
0.4234822988510132
0.34784096479415894
0.24482667446136475
0.24726459383964539
0.7597017288208008
0.6030077934265137
0.7236027717590332
0.7827302813529968
0.2134622484445572
0.7390013933181763
0.6105639934539795
0.6495260000228882
0.6395484209060669
0.1870099902153015
0.12858247756958008
0.6573553085327148
0.6894881725311279
0.7048697471618652
0.20750410854816437
0.1925755888223648
0.8443777561187744
0.5448546409606934
0.3282530903816223
0.18822889029979706
0.35109615325927734
0.1254037618637085
0.244265615940094
0.4112662374973297
0.4443572461605072
0.1831260323524475
0.5261503458023071
0.5854202508926392
0.20668798685073853
0.5497364401817322
0.6099898815155029
0.6223739385604858
0.1866517812013626
0.5195474624633789
0.7766929864883423
0.12168300896883011
0.4056340456008911
0.40150773525238037
0.20226456224918365
0.6358860731124878
0.1983674168586731
0.5241596102714539
0.5358502864837646
0.7747745513916016
0.7324533462524414
0.7821214199066162
0.8552217483520508
0.19543251395225525
0.18884751200675964
0.2664370536804199
0.18728145956993103
0.3410063683986664
0.3553980588912964
0.3092253804206848
0.25916704535484314
0.2963019013404846
0.2763652801513672
0.28192541003227234
0.2979978621006012
0.19322216510772705
0.5906245708465576
0.33509236574172974
0.49294567108154297
0.7627081871032715
0.1926402449607849
0.20412001013755798
0.768807590007782
0.7394787669181824
0.8643764853477478
0.28104251623153687
0.19440986216068268
0.8519459366798401
0.402967631816864
0.21919193863868713
0.3817339241504669
0.20291556417942047
0.4882553815841675
0.5667155981063843
0.6209498047828674
0.21756121516227722
0.5720373392105103
0.6953020095825195
0.5034756660461426
0.681113600730896
0.30650410056114197
0.6813636422157288
0.20866695046424866
0.6170324087142944
0.20315957069396973
0.6043316721916199
0.5833735466003418
0.41182976961135864
0.12662814557552338
0.8321584463119507
0.8581852912902832
0.19657009840011597
0.5395293831825256
0.3491443991661072
0.39995288848876953
0.6146966218948364
0.18124309182167053
0.7429147958755493
0.5323383808135986
0.18878492712974548
0.199812114238739
0.45045703649520874
0.6326795816421509
0.769631028175354
0.5256068706512451
0.49238860607147217
0.2705470621585846
0.20118297636508942
0.595618486404419
0.4795186519622803
0.17059576511383057
0.2219323217868805
0.2783229351043701
0.24051688611507416
0.17945243418216705
0.2510620951652527
0.4769997298717499
0.304416298866272
0.1858900487422943
0.6420764923095703
0.30538809299468994
0.5955671072006226
0.3152463436126709
0.31330597400665283
0.43001726269721985
0.21378757059574127
0.20915961265563965
0.20843744277954102
0.4323694407939911
0.48083019256591797
0.4351797103881836
0.579034686088562
0.4841444492340088
0.19857725501060486
0.8437615633010864
0.8234862685203552
0.18759159743785858
0.8422354459762573
0.8112183809280396
0.22323262691497803
0.19256801903247833
0.2200363576412201
0.653292179107666
0.6260795593261719
0.3289971649646759
0.5023242235183716
