0.2069668471813202
0.21554143726825714
0.7780725359916687
0.6474391222000122
0.7280973196029663
0.516311764717102
0.701535165309906
0.6255388259887695
0.20756621658802032
0.4617060124874115
0.21697893738746643
0.709213376045227
0.788166880607605
0.20898286998271942
0.7059192061424255
0.21004141867160797
0.7833713293075562
0.7979354858398438
0.1885060966014862
0.7513709664344788
0.3260885179042816
0.8179488182067871
0.47070133686065674
0.2091948390007019
0.19119621813297272
0.6476593613624573
0.5183668732643127
0.7364628314971924
0.6351760625839233
0.2067674696445465
0.8877817392349243
0.7424259781837463
0.20064738392829895
0.8406469821929932
0.672467052936554
0.21174798905849457
0.8497108221054077
0.506655752658844
0.7637791633605957
0.6068105697631836
0.8531668186187744
0.2367897927761078
0.9259067177772522
0.9259067177772522
0.9064792394638062
0.8270906209945679
0.6646634340286255
0.21980392932891846
0.2102106511592865
0.40302467346191406
0.2098454236984253
0.2691482901573181
0.24887336790561676
0.17885948717594147
0.2222975343465805
0.7993142008781433
0.3024357557296753
0.8996422290802002
0.20864933729171753
0.6093344688415527
0.9390926361083984
0.9390926361083984
0.3002283275127411
0.5624654293060303
0.9454326629638672
0.8810616135597229
0.8293924927711487
0.21192966401576996
0.9270623922348022
0.7450785040855408
0.12387897074222565
0.8433679342269897
0.7315294146537781
0.6573504209518433
0.8824083805084229
0.1935267448425293
0.9581385850906372
0.5976521372795105
0.2993388772010803
0.43548208475112915
0.2248390018939972
0.7711710929870605
0.6713982820510864
0.8920480012893677
0.4278009235858917
0.20638495683670044
0.21258407831192017
0.3847392499446869
0.20108680427074432
0.39265117049217224
0.826416015625
0.8679491877555847
0.826416015625
0.13746125996112823
0.5593760013580322
0.8283368349075317
0.2232920527458191
0.816710352897644
0.2055044174194336
0.5747602581977844
0.6688350439071655
0.7876102924346924
0.19687506556510925
0.5744020938873291
0.8138555884361267
0.9438995122909546
0.8064237833023071
0.2121407687664032
0.8083721995353699
0.20970693230628967
0.6868847608566284
0.21466992795467377
0.6415085792541504
0.5474592447280884
0.20496445894241333
0.7931377291679382
0.5395983457565308
0.25877705216407776
0.897899329662323
0.7858232259750366
0.9691379070281982
0.5908761024475098
0.7155755758285522
0.2082490175962448
0.98035728931427
0.8143382668495178
0.6384307146072388
0.5102914571762085
0.5904331803321838
0.5948768258094788
0.2205689549446106
0.224943608045578
0.21077997982501984
0.7201623320579529
0.6486538648605347
0.5868279933929443
0.20410789549350739
0.3396899998188019
0.8796229362487793
0.8177553415298462
0.21406015753746033
0.7046688199043274
0.7360159754753113
0.9013962745666504
0.5062390565872192
0.7719535827636719
0.4414997696876526
0.20889818668365479
0.7178002595901489
0.2259308248758316
0.5788649320602417
0.5067095160484314
0.5463106632232666
0.2095828354358673
0.3203713297843933
0.5304516553878784
0.3937666416168213
0.4016558527946472
0.2069399356842041
0.3752801716327667
0.21038606762886047
0.3729233741760254
0.20115919411182404
0.6237544417381287
0.8736008405685425
0.6355960369110107
0.9213478565216064
0.8978129625320435
0.6467196941375732
0.7735065221786499
0.8843366503715515
0.8843366503715515
0.9494054317474365
0.12025809288024902
0.21122880280017853
0.9424399733543396
0.8370953798294067
0.22429479658603668
0.7880355715751648
0.7496448159217834
0.12516681849956512
0.580027163028717
0.37965869903564453
0.4789203703403473
0.5695093870162964
0.48762547969818115
0.8769121170043945
0.22091138362884521
0.4052763283252716
0.6143470406532288
0.7410714030265808
0.5893959999084473
0.8003713488578796
0.11241861432790756
0.6032736897468567
0.5025647878646851
0.1174904927611351
0.9656574726104736
0.21030347049236298
0.2168441265821457
0.4205529987812042
0.3695775866508484
0.3506771922111511
0.3896849751472473
0.22231702506542206
0.3168765902519226
0.25091975927352905
0.25020676851272583
0.30847597122192383
0.2199656069278717
0.20798134803771973
0.20480096340179443
0.8480035662651062
0.5709365606307983
0.5531805157661438
0.609686017036438
0.7837438583374023
0.8209654092788696
0.5657029151916504
0.20543307065963745
0.3521798551082611
0.6894078850746155
0.7595748901367188
0.20775237679481506
0.8058538436889648
0.19908106327056885
0.5378091931343079
0.632001519203186
0.20594149827957153
0.7326235175132751
0.6993566155433655
0.19540396332740784
0.7963626384735107
0.9751616716384888
0.12995542585849762
0.5049916505813599
0.14160412549972534
0.447175532579422
0.21131199598312378
0.9056463241577148
0.2126641869544983
0.7104175090789795
0.9149302840232849
0.6651605367660522
0.8227083086967468
0.9346640706062317
1.0
1.0
0.13494424521923065
0.9987179040908813
1.0
0.9958974123001099
0.21261385083198547
0.8403110504150391
0.8429974913597107
0.1987917125225067
0.6078057289123535
0.4257301986217499
0.13227452337741852
0.933319628238678
0.20874769985675812
0.8230456709861755
0.8600639700889587
0.9665923118591309
0.7577012181282043
0.7840784192085266
0.8053627014160156
0.4643859267234802
0.20456592738628387
0.6417545676231384
0.5061483979225159
0.4248278737068176
0.1981440633535385
0.19637314975261688
0.22038184106349945
0.3047674596309662
0.37600207328796387
0.6010356545448303
0.30589672923088074
0.20804288983345032
0.2009369134902954
0.3547363877296448
0.9583277702331543
0.7681901454925537
0.1163494884967804
0.9292983412742615
0.7621604204177856
0.6288537979125977
0.6667166948318481
0.8164025545120239
0.20917870104312897
0.6939367651939392
0.6499613523483276
0.6361335515975952
0.11776787042617798
0.4533257484436035
0.1135789304971695
0.21154019236564636
0.18394756317138672
0.2689502239227295
0.570099949836731
0.9353630542755127
0.21765722334384918
0.8702261447906494
0.852205753326416
0.2084352970123291
0.37543734908103943
0.4554139971733093
0.15979725122451782
0.43297079205513
0.40347355604171753
0.24183812737464905
0.7171977758407593
0.2239667922258377
0.6783264875411987
0.5230614542961121
0.2877042293548584
0.20549407601356506
0.2104760706424713
0.779015064239502
0.7985356450080872
0.2228432446718216
0.8214173316955566
0.7625864744186401
0.7632352113723755
0.5527914762496948
0.46689900755882263
0.5406254529953003
0.12458211928606033
0.6840230822563171
0.209687739610672
0.7929236888885498
0.5916965007781982
0.7844122648239136
0.8043769598007202
0.11132248491048813
0.9519082307815552
0.9548197984695435
0.966632604598999
0.11797299981117249
0.9006173610687256
0.9771207571029663
0.20919737219810486
0.21047130227088928
0.38319650292396545
0.7308168411254883
0.22643736004829407
0.4836869239807129
0.720041036605835
0.21613670885562897
0.14999568462371826
0.22008484601974487
0.5633132457733154
0.5134088397026062
0.9283252954483032
0.746346116065979
0.6284393072128296
0.21437382698059082
0.7072826027870178
0.7429980039596558
0.6821082830429077
0.9370161294937134
0.12382340431213379
0.22275304794311523
0.4064665734767914
0.7736072540283203
0.29634836316108704
0.18736986815929413
0.26788055896759033
0.4383649528026581
0.2772431969642639
0.06790754199028015
0.25884875655174255
0.9581922292709351
0.1260426789522171
0.8921856880187988
0.2955814599990845
0.2217414379119873
0.22532010078430176
0.33236804604530334
0.7657088041305542
0.5621696710586548
0.2025672346353531
0.5586308836936951
0.6671661138534546
0.6801002621650696
0.7840447425842285
0.6339453458786011
0.9062654972076416
0.1303856074810028
0.7982004880905151
0.21023252606391907
0.6929331421852112
0.7801750898361206
0.2037954479455948
0.6327639818191528
0.21290764212608337
0.20957493782043457
0.9377075433731079
0.953466534614563
0.9908392429351807
0.9302800893783569
0.5389641523361206
0.5448296070098877
0.48796510696411133
0.6892840266227722
0.6597010493278503
0.10858406871557236
0.2756950557231903
0.21443456411361694
0.6327618360519409
0.4613302946090698
0.20056883990764618
0.4665105640888214
0.13511745631694794
0.864069938659668
0.9258078336715698
0.20825855433940887
0.697238564491272
0.8026857376098633
0.34604376554489136
0.2537475526332855
0.39074191451072693
0.2091446816921234
0.4551868438720703
0.5108144283294678
0.8615975975990295
0.21152859926223755
0.36163419485092163
0.4936877191066742
0.9734556078910828
0.1280795931816101
0.5903540849685669
0.24279426038265228
0.7261617183685303
0.8986889123916626
0.9453514814376831
0.21256424486637115
0.7216981649398804
0.5676132440567017
0.12057565897703171
0.212271586060524
0.2014884501695633
0.7611619830131531
0.6939175128936768
0.43872568011283875
0.21350130438804626
0.552772045135498
0.5256543159484863
0.20932769775390625
0.9849287271499634
0.942254900932312
0.9940041303634644
0.13802960515022278
0.9570102691650391
0.8654209971427917
0.2178688645362854
0.9744179248809814
0.11152903735637665
0.7721985578536987
0.7803870439529419
0.20746701955795288
0.8984185457229614
0.26811206340789795
0.7910887002944946
0.8423370122909546
0.2122637778520584
0.565922200679779
0.7022693157196045
0.803122878074646
0.7511216998100281
0.7364866733551025
0.19457463920116425
0.7296484112739563
0.11818049848079681
0.8650379180908203
0.9205787181854248
0.8588693737983704
0.7234208583831787
0.8498387336730957
0.3607081174850464
0.29111289978027344
0.5235921740531921
0.9148433208465576
0.4170650243759155
0.20096203684806824
0.9823229312896729
0.11337291449308395
0.9900515079498291
0.9903652667999268
0.9416825771331787
0.8584475517272949
0.5251163244247437
0.47306615114212036
0.6263052225112915
0.6267000436782837
0.5831223726272583
0.10690350085496902
0.9132860898971558
0.18669584393501282
0.8979768753051758
0.561577558517456
0.8118832111358643
0.20572449266910553
0.9698089361190796
0.8207454681396484
0.8783881068229675
0.2200830578804016
0.985291600227356
0.9439269304275513
0.5256685614585876
0.7992784976959229
0.1278134435415268
0.7384099960327148
0.8291147947311401
0.3902231752872467
0.5383374691009521
0.4205397963523865
0.39465704560279846
0.37204819917678833
0.2219962626695633
0.5250372886657715
0.20832525193691254
0.21812649071216583
0.5345489978790283
0.6517432928085327
0.7360699772834778
0.8517554998397827
0.26716119050979614
0.6324937343597412
0.677778959274292
0.20386938750743866
0.603460431098938
0.6251892447471619
0.7605236768722534
0.5275054574012756
0.6957688331604004
0.8766130208969116
0.5021111369132996
0.19940194487571716
0.21936343610286713
0.3664080798625946
0.34092849493026733
0.4023571312427521
0.35628610849380493
0.3083602488040924
0.9191967248916626
0.14255981147289276
0.8443683385848999
0.2064065784215927
0.2653215527534485
0.9414600133895874
0.33191919326782227
0.2870270907878876
0.40826258063316345
0.2196807861328125
0.36691391468048096
0.45281001925468445
0.20694759488105774
0.6316412091255188
0.1992904543876648
0.3130194842815399
0.42295825481414795
0.5431878566741943
0.810517430305481
0.8202695846557617
0.8778254985809326
0.12076893448829651
0.8237656354904175
0.768988847732544
0.3119927644729614
0.20589695870876312
0.2729601263999939
0.20723535120487213
0.4152805805206299
0.2684313654899597
0.5402708053588867
0.34458786249160767
0.6466259360313416
0.20745156705379486
0.6894704103469849
0.20725347101688385
0.21286244690418243
0.9082649946212769
0.7036277651786804
0.885688066482544
0.8681374192237854
0.8336162567138672
0.5608237981796265
0.2805585265159607
0.49114128947257996
0.965840220451355
0.20402032136917114
0.4805822968482971
