0.178775817155838
0.17391636967658997
0.20506979525089264
0.17482614517211914
0.19276408851146698
0.17432662844657898
0.26322489976882935
0.2314903736114502
0.2421496957540512
0.23062574863433838
0.21755953133106232
0.17606967687606812
0.20367960631847382
0.1966661512851715
0.22705106437206268
0.16769610345363617
0.20746009051799774
0.19625085592269897
0.20510618388652802
0.1690719723701477
0.2752816081047058
0.18915627896785736
0.20726026594638824
0.21901853382587433
0.1863125115633011
0.1945233941078186
0.16147881746292114
0.1884198635816574
0.18811041116714478
0.20225031673908234
0.18956169486045837
0.2436852604150772
0.17854979634284973
0.20940887928009033
0.17063672840595245
0.1898096799850464
0.25486427545547485
0.22929255664348602
0.2701984941959381
0.1842057704925537
0.23407267034053802
0.2548908293247223
0.1786896139383316
0.20946328341960907
0.22208519279956818
0.20599335432052612
0.20833726227283478
0.20158341526985168
0.2062866985797882
0.27025365829467773
0.2061850130558014
0.2426767349243164
0.1755225956439972
0.20879948139190674
0.2051985114812851
0.2055293321609497
0.20339126884937286
0.2616558372974396
0.1764889508485794
0.22388474643230438
0.2123984396457672
0.21405662596225739
0.2242787480354309
0.22309523820877075
0.09237909317016602
0.10131673514842987
0.18951380252838135
0.18344910442829132
0.16918104887008667
0.23967500030994415
0.16569213569164276
0.18425913155078888
0.20285029709339142
0.22943949699401855
0.19740763306617737
0.20218807458877563
0.20823362469673157
0.1731613576412201
0.17187346518039703
0.21098682284355164
0.24119606614112854
0.2584703862667084
0.2020583599805832
0.20526285469532013
0.2020643651485443
0.08921520411968231
0.1879730373620987
0.20452463626861572
0.21194922924041748
0.21582648158073425
0.14828190207481384
0.08442464470863342
0.10369972884654999
0.13871842622756958
0.13035106658935547
0.22941717505455017
0.19157953560352325
0.1914399266242981
0.18849852681159973
0.1999678611755371
0.18377447128295898
0.19603696465492249
0.22812102735042572
0.3019932508468628
0.2010059803724289
0.24969446659088135
0.20191779732704163
0.2558225393295288
0.2067851722240448
0.21105153858661652
0.21066248416900635
0.10899440944194794
0.20597875118255615
0.17933788895606995
0.16918118298053741
0.2386709600687027
0.20221951603889465
0.24218007922172546
0.20509102940559387
0.1984507292509079
0.08364664018154144
0.20305293798446655
0.21593260765075684
0.2422007918357849
0.21618667244911194
0.2520056962966919
0.23833459615707397
0.2609776258468628
0.16618676483631134
0.2830415666103363
0.24778734147548676
0.27741795778274536
0.20264077186584473
0.20649176836013794
0.09311506152153015
0.21413710713386536
0.1785106062889099
0.09210890531539917
0.15233682096004486
0.18995775282382965
0.16471336781978607
0.24085097014904022
0.15008032321929932
0.13750185072422028
0.20786474645137787
0.2058839350938797
0.09671099483966827
0.20004594326019287
0.2022918313741684
0.20529805123806
0.2041023224592209
0.11897524446249008
0.17852216958999634
0.17611953616142273
0.27009162306785583
0.2299787700176239
0.0873245894908905
0.1797485500574112
0.18666629493236542
0.1801994889974594
0.17390760779380798
0.1832393854856491
0.20828774571418762
0.2071826010942459
0.22364787757396698
0.33119383454322815
0.1053987592458725
0.2464376986026764
0.18783481419086456
0.09400703012943268
0.19732816517353058
0.19834312796592712
0.1963450163602829
0.21887563169002533
0.42576727271080017
0.3868291676044464
0.32979848980903625
0.31299301981925964
0.3133188784122467
0.19092291593551636
0.19651471078395844
0.19513404369354248
0.2213713824748993
0.27836766839027405
0.1954514980316162
0.0936887264251709
0.10413000732660294
0.20936042070388794
0.16549047827720642
0.12180723249912262
0.13284046947956085
0.2038281410932541
0.09511373937129974
0.16650497913360596
0.07090528309345245
0.0796479731798172
0.1639336347579956
0.1680428683757782
0.16813084483146667
0.186524897813797
0.21255788207054138
0.1853683590888977
0.22960436344146729
0.2220170497894287
0.2483745813369751
0.08457066118717194
0.21022312343120575
0.1250884085893631
0.1847057044506073
0.1619381606578827
0.1852806657552719
0.18474002182483673
0.21337977051734924
0.16658833622932434
0.2189393788576126
0.20645619928836823
0.19478610157966614
0.18898949027061462
0.20575739443302155
0.21674852073192596
0.19168569147586823
0.08561539649963379
0.24991099536418915
0.08536110818386078
0.21372917294502258
0.24601280689239502
0.22972625494003296
0.21108542382717133
0.1890711784362793
0.08245127648115158
0.19906331598758698
0.19647397100925446
0.18665918707847595
0.19687506556510925
0.20722311735153198
0.17619559168815613
0.21207992732524872
0.20495910942554474
0.18825015425682068
0.17630535364151
0.08925212174654007
0.35640329122543335
0.24059787392616272
0.3306428790092468
0.3270736038684845
0.22102978825569153
0.10221494734287262
0.22225287556648254
0.1886848509311676
0.19216986000537872
0.18477192521095276
0.17592114210128784
0.20812247693538666
0.17454282939434052
0.19444160163402557
0.19745534658432007
0.2117278277873993
0.20351481437683105
0.2490234673023224
0.21207007765769958
0.2507466673851013
0.21398016810417175
0.21473926305770874
0.11134341359138489
0.21689680218696594
0.22759079933166504
0.21442657709121704
0.20455963909626007
0.1749582588672638
0.225701242685318
0.2029746025800705
0.19948619604110718
0.18477196991443634
0.17311222851276398
0.20476417243480682
0.20344671607017517
0.20221292972564697
0.10289841145277023
0.19109013676643372
0.19051527976989746
0.16971156001091003
0.1846211552619934
0.1643691062927246
0.18669863045215607
0.10095781087875366
0.20519399642944336
0.213129460811615
0.18316517770290375
0.21828140318393707
0.17800387740135193
0.19647657871246338
0.19832934439182281
0.1720280647277832
0.08474455028772354
0.20562490820884705
0.2051747739315033
0.17590181529521942
0.20784670114517212
0.19883713126182556
0.20942197740077972
0.2292703539133072
0.2389150708913803
0.10799255967140198
0.2518698573112488
0.2892063558101654
0.25886374711990356
0.09551259875297546
0.2647383511066437
0.23365569114685059
0.22463560104370117
0.28141725063323975
0.2458360195159912
0.18232133984565735
0.08440926671028137
0.18601897358894348
0.16863121092319489
0.1673465371131897
0.21896907687187195
0.3644981384277344
0.32487887144088745
0.3523734509944916
0.3719143867492676
0.18044373393058777
0.3632969260215759
0.2325182855129242
0.30720555782318115
0.2924024760723114
0.33686181902885437
0.09017617255449295
0.2426210343837738
0.09376329183578491
0.17212393879890442
0.28722891211509705
0.2493358850479126
0.17237603664398193
0.24145276844501495
0.18583731353282928
0.18213783204555511
0.16640660166740417
0.0891638696193695
0.1926610916852951
0.16640925407409668
0.19685602188110352
0.17364300787448883
0.1961195021867752
0.1679634302854538
0.2602807879447937
0.17483583092689514
0.2287028580904007
0.08596474677324295
0.19035835564136505
0.19439208507537842
0.19398163259029388
0.16202807426452637
0.08315998315811157
0.2138248234987259
0.20396876335144043
0.28452733159065247
0.23973798751831055
0.2189965844154358
0.24901321530342102
0.18669669330120087
0.19506505131721497
0.21521413326263428
0.22342868149280548
0.09059961140155792
0.259361207485199
0.2844497561454773
0.26550883054733276
0.2574543356895447
0.27463993430137634
0.18755021691322327
0.17179778218269348
0.16656635701656342
0.1636223942041397
0.20442667603492737
0.20121176540851593
0.17962950468063354
0.20155750215053558
0.1747942566871643
0.16678974032402039
0.18969511985778809
0.16800573468208313
0.20930719375610352
0.3206198215484619
0.3009624779224396
0.22704815864562988
0.27921026945114136
0.27760761976242065
0.08463437855243683
0.21326690912246704
0.19166015088558197
0.32768747210502625
0.23352399468421936
0.17596402764320374
0.33128654956817627
0.2130754292011261
0.24131068587303162
0.20671634376049042
0.2069159299135208
0.17949159443378448
0.2104129046201706
0.09886589646339417
0.20887382328510284
0.19913843274116516
0.17676816880702972
0.19851776957511902
0.1738404780626297
0.16673636436462402
0.16444730758666992
0.18646462261676788
0.1699560284614563
0.1964329183101654
0.16385121643543243
0.17622104287147522
0.25492721796035767
0.2485562264919281
0.18616639077663422
0.18541786074638367
0.18259283900260925
0.30163145065307617
0.2656022012233734
0.24440817534923553
0.31939056515693665
0.19859804213047028
0.24318823218345642
0.19929710030555725
0.21199090778827667
0.09420497715473175
0.18290871381759644
0.17225168645381927
0.19703926146030426
0.24118715524673462
0.2405741810798645
0.10535747557878494
0.2940978407859802
0.24856579303741455
0.25451335310935974
0.19732995331287384
0.2047257423400879
0.17215846478939056
0.19432951509952545
0.20763321220874786
0.21241998672485352
0.22021597623825073
0.279755562543869
0.23205339908599854
0.23975490033626556
0.08278778195381165
0.25617465376853943
0.08537790924310684
0.20702944695949554
0.1926100254058838
0.21192507445812225
0.22020696103572845
0.19456878304481506
0.19891758263111115
0.1964821070432663
0.18936695158481598
0.09014689922332764
0.19388699531555176
0.17940831184387207
0.1905239224433899
0.2069087028503418
0.08224335312843323
0.21080832183361053
0.22005721926689148
0.19257555902004242
0.2060561180114746
0.20625178515911102
0.20003241300582886
0.24784043431282043
0.18643391132354736
0.1637900024652481
0.1971399188041687
0.17279444634914398
0.157746821641922
0.1744145154953003
0.09504160284996033
0.15165294706821442
0.17193979024887085
0.17930307984352112
0.18356546759605408
0.17866414785385132
0.18881507217884064
0.16987839341163635
0.3101886808872223
0.19894877076148987
0.08607517182826996
0.23970074951648712
0.2507837414741516
0.23353655636310577
0.18218573927879333
0.20075522363185883
0.19672557711601257
0.08641059696674347
0.17373034358024597
0.1582363396883011
0.22410181164741516
0.20977365970611572
0.25924357771873474
0.2495851069688797
0.21001532673835754
0.16851231455802917
0.24642503261566162
0.16751359403133392
0.2347516566514969
0.24652618169784546
0.3046146333217621
0.25563734769821167
0.09435656666755676
0.1877557337284088
0.19276009500026703
0.18141397833824158
0.18949481844902039
0.1894674003124237
0.18096566200256348
0.1669194996356964
0.21272994577884674
0.19003905355930328
0.21186187863349915
0.1996842324733734
0.2878166437149048
0.17283663153648376
0.3318774700164795
0.3181688189506531
0.2573874294757843
0.25518569350242615
0.16349948942661285
0.1970081627368927
0.2028021663427353
0.1972336322069168
0.21065233647823334
0.2067026048898697
0.20335792005062103
0.20902028679847717
0.21260304749011993
0.16383954882621765
0.2351282835006714
0.20141051709651947
0.2535950839519501
0.1961066871881485
0.16536051034927368
0.19518865644931793
0.22227615118026733
0.1912396401166916
0.2897416353225708
0.24397432804107666
0.08663088083267212
0.2682376801967621
0.28123414516448975
0.2680017352104187
0.2022024244070053
0.21021825075149536
0.21144500374794006
0.22869573533535004
0.20476794242858887
0.09252549707889557
0.18751826882362366
0.23459526896476746
0.17836922407150269
0.22874537110328674
0.191926047205925
0.17419753968715668
0.1954314410686493
0.20836292207241058
0.10350676625967026
0.20663952827453613
0.21707670390605927
0.1933957040309906
0.2177908718585968
0.20492994785308838
0.18740539252758026
0.20082713663578033
0.18482662737369537
0.18690314888954163
0.20602008700370789
0.18952684104442596
0.19421568512916565
0.2141745537519455
0.09406381845474243
0.276547372341156
0.20665818452835083
0.26547911763191223
0.32263338565826416
0.19221815466880798
0.22807584702968597
0.1842580884695053
0.2334671914577484
0.2143675982952118
0.3282606601715088
0.26539498567581177
0.17429640889167786
0.20859847962856293
