0.15903790295124054
0.1905503123998642
0.185631662607193
0.4212851822376251
0.18700440227985382
0.19235140085220337
0.18934480845928192
0.24199509620666504
0.17924779653549194
0.13240385055541992
0.20361095666885376
0.14049243927001953
0.1710328757762909
0.22389015555381775
0.15003278851509094
0.633674144744873
0.34538280963897705
0.39983469247817993
0.3999482989311218
0.2798967659473419
0.16654464602470398
0.4344254732131958
0.3854956328868866
0.3590380549430847
0.23585820198059082
0.22975973784923553
0.2048584669828415
0.19091150164604187
0.20580756664276123
0.388260155916214
0.19043561816215515
0.16505417227745056
0.2246818095445633
0.1700158715248108
0.22392819821834564
0.4265710711479187
0.22383534908294678
0.20758214592933655
0.23053857684135437
0.2569892406463623
0.18900471925735474
0.15856271982192993
0.19181108474731445
0.23476462066173553
0.27376091480255127
0.3139667212963104
0.29961591958999634
0.19949263334274292
0.21452197432518005
0.306293785572052
0.2346499264240265
0.3979266285896301
0.5201654434204102
0.28651851415634155
0.36155790090560913
0.43962234258651733
0.296932190656662
0.39973950386047363
0.3801240921020508
0.4037497639656067
0.4284083843231201
0.7822245359420776
0.24836015701293945
0.480766624212265
0.21532760560512543
0.213205024600029
0.21158777177333832
0.1986357718706131
0.20122259855270386
0.20528100430965424
0.22961516678333282
0.4728548526763916
0.3350876569747925
0.24071910977363586
0.25393831729888916
0.17638316750526428
0.23481984436511993
0.21278315782546997
0.21616002917289734
0.2823595106601715
0.3395359516143799
0.6236444711685181
0.4277867078781128
0.4771255850791931
0.33627456426620483
0.2488069236278534
0.4740535020828247
0.2888445258140564
0.21646244823932648
0.21825845539569855
0.21670347452163696
0.26122865080833435
0.16608431935310364
0.22508779168128967
0.2002473771572113
0.2204238474369049
0.1718442738056183
0.2499566227197647
0.30798622965812683
0.42080873250961304
0.27896907925605774
0.29704779386520386
0.3122895359992981
0.23745626211166382
0.23267607390880585
0.2594314515590668
0.22906531393527985
0.22807064652442932
0.17918242514133453
0.4610259532928467
0.2976696491241455
0.2500799000263214
0.2102179080247879
0.2569199800491333
0.23377636075019836
0.12559624016284943
0.21347278356552124
0.5575445890426636
0.2880145311355591
0.23368680477142334
0.16394966840744019
0.5260365009307861
0.683047890663147
0.21875186264514923
0.620932936668396
0.6861255168914795
0.570447564125061
0.11816152930259705
0.2581195533275604
0.3703921139240265
0.19929149746894836
0.21667197346687317
0.30367666482925415
0.6546703577041626
0.3055915832519531
0.1958443522453308
0.171035036444664
0.1693904548883438
0.13539201021194458
0.3431510329246521
0.17749884724617004
0.1529904007911682
0.25348585844039917
0.7374966144561768
0.2619527280330658
0.42218834161758423
0.1985074281692505
0.30397775769233704
0.4071645140647888
0.16464217007160187
0.19553476572036743
0.5088444352149963
0.18817472457885742
0.19668269157409668
0.19381092488765717
0.19016265869140625
0.17606589198112488
0.40634819865226746
0.2227359563112259
0.20625300705432892
0.20309552550315857
0.4919457733631134
0.22067444026470184
0.20955729484558105
0.20390860736370087
0.19674508273601532
0.17255984246730804
0.23648975789546967
0.318634957075119
0.173141211271286
0.3423595726490021
0.3038268983364105
0.32397881150245667
0.307839035987854
0.25183093547821045
0.4962228834629059
0.1782272756099701
0.18649429082870483
0.1884867250919342
0.20167310535907745
0.18478117883205414
0.7933626174926758
0.24704113602638245
0.4028424620628357
0.4845815896987915
0.5264335870742798
0.1923859715461731
0.4088250398635864
0.4891807734966278
0.4931640625
0.4782436490058899
0.5235320329666138
0.22627148032188416
0.4193086326122284
0.17766734957695007
0.2784545421600342
0.22466053068637848
0.21560430526733398
0.2575702965259552
0.2890225648880005
0.0236445814371109
0.525478720664978
0.27061939239501953
0.3173395097255707
0.2674097418785095
0.27925121784210205
0.21571604907512665
0.29139232635498047
0.18071091175079346
0.20458203554153442
0.20112016797065735
0.2130451202392578
0.1893966645002365
0.20616298913955688
0.20447340607643127
0.3640627861022949
0.1675257384777069
0.525550127029419
0.33507129549980164
0.20812849700450897
0.17796280980110168
0.2412102371454239
0.42740893363952637
0.3606650233268738
0.26863187551498413
0.3567354381084442
0.30712926387786865
0.18988822400569916
0.32105928659439087
0.26214325428009033
0.20811520516872406
0.252765417098999
0.19253331422805786
0.2993198037147522
0.3928602337837219
0.22146275639533997
0.34310609102249146
0.7300497889518738
0.2768952250480652
0.24814920127391815
0.212394580245018
0.20789361000061035
0.23752817511558533
0.1789536029100418
0.17514997720718384
0.36576229333877563
0.2168053537607193
0.21365147829055786
0.3053337335586548
0.33636632561683655
0.23076264560222626
0.5387129783630371
0.417825311422348
0.1970726102590561
0.20682093501091003
0.8370269536972046
0.1715109646320343
0.3005823791027069
0.32388561964035034
0.48859888315200806
0.24943120777606964
0.28803539276123047
0.22945591807365417
0.3266324996948242
0.3137983977794647
0.23907342553138733
0.2543090283870697
0.4059051275253296
0.17004230618476868
0.2414509654045105
0.2945344150066376
0.28290629386901855
0.17938560247421265
0.17906293272972107
0.18933729827404022
0.19603846967220306
0.28417137265205383
0.5041655898094177
0.1675008088350296
0.256734162569046
0.21510307490825653
0.2052130550146103
0.2711429297924042
0.3565495014190674
0.1631099432706833
0.22147338092327118
0.24380889534950256
0.252090185880661
0.16665713489055634
0.2805882394313812
0.20990651845932007
0.47784754633903503
0.27433788776397705
0.22794964909553528
0.2581530213356018
0.22804395854473114
0.3076413869857788
0.31871065497398376
0.3476372957229614
0.2979883551597595
0.33407777547836304
0.30421292781829834
0.20562945306301117
0.4674946963787079
0.2805904746055603
0.2204318344593048
0.2974211573600769
0.41608285903930664
0.31622007489204407
0.273544043302536
0.16520512104034424
0.21516655385494232
0.3399014174938202
0.7068469524383545
0.19197963178157806
0.32451528310775757
0.3654213547706604
0.3238952159881592
0.16589531302452087
0.31544509530067444
0.2041441798210144
0.20074720680713654
0.20657917857170105
0.11124801635742188
0.16579580307006836
0.49506106972694397
0.2294757217168808
0.17546623945236206
0.12371423840522766
0.26268061995506287
0.2755339443683624
0.5128101110458374
0.20537953078746796
0.1603948175907135
0.210997074842453
0.10301018506288528
0.29619061946868896
0.41438886523246765
0.33935457468032837
0.21031203866004944
0.2623305022716522
0.34281760454177856
0.18732766807079315
0.32003849744796753
0.4221194386482239
0.3627299666404724
0.3767102360725403
0.41410404443740845
0.4122195243835449
0.18994104862213135
0.4069436490535736
0.3652839660644531
0.1891452968120575
0.3879644274711609
0.1901342272758484
0.1914447695016861
0.16307123005390167
0.2327997386455536
0.19809700548648834
0.20994886755943298
0.26583775877952576
0.16721828281879425
0.23681721091270447
0.3483853340148926
0.25177305936813354
0.23780782520771027
0.268764466047287
0.23200859129428864
0.2511112093925476
0.16549327969551086
0.19613498449325562
0.1688082218170166
0.16484269499778748
0.19408705830574036
0.181779682636261
0.48772385716438293
0.37110239267349243
0.48254647850990295
0.49063193798065186
0.5397845506668091
0.1875249147415161
0.3404533863067627
0.44266682863235474
0.34395596385002136
0.16563934087753296
0.3146546483039856
0.24250416457653046
0.31938546895980835
0.2542648911476135
0.18806400895118713
0.1802636981010437
0.2113780677318573
0.16793428361415863
0.23028235137462616
0.13583120703697205
0.2535831034183502
0.1424119770526886
0.1930830180644989
0.1496022641658783
0.2013891339302063
0.5164622068405151
0.2502146363258362
0.340318500995636
0.1960161328315735
0.4197530448436737
0.4906671345233917
0.20324477553367615
0.6688755750656128
0.29334384202957153
0.5092260837554932
0.405386358499527
0.4788508117198944
0.3998541831970215
0.46838781237602234
0.11239369213581085
0.23348930478096008
0.3104376196861267
0.43481338024139404
0.35905158519744873
0.1704535186290741
0.25632596015930176
0.23708757758140564
0.32296985387802124
0.2146930694580078
0.5459868311882019
0.3511468172073364
0.552438497543335
0.6177705526351929
0.36374717950820923
0.44458839297294617
0.1900271624326706
0.5234854221343994
0.3718351721763611
0.6542434692382812
0.3401128053665161
0.17520736157894135
0.21701571345329285
0.41239503026008606
0.3149968385696411
0.3791416585445404
0.10921729356050491
0.2996385395526886
0.3342587351799011
0.39264950156211853
0.35109758377075195
0.3436698317527771
0.41041210293769836
0.640119194984436
0.24720442295074463
0.18935911357402802
0.27292919158935547
0.32709231972694397
0.2795025706291199
0.22746974229812622
0.16865848004817963
0.5102256536483765
0.1987907588481903
0.38134872913360596
0.21012815833091736
0.17078140377998352
0.20288871228694916
0.2320564091205597
0.20851771533489227
0.20157355070114136
0.1921740621328354
0.15893812477588654
0.20573365688323975
0.2857191562652588
0.1892833411693573
0.19149857759475708
0.166672021150589
0.20547133684158325
0.08683618903160095
0.26281046867370605
0.2527768015861511
0.4473636746406555
0.2585815191268921
0.1923336535692215
0.23074764013290405
0.18235327303409576
0.238860622048378
0.24145612120628357
0.2536986470222473
0.5129953622817993
0.3193567395210266
0.1986154466867447
0.2933228015899658
0.16726365685462952
0.31351378560066223
0.2591983675956726
0.34127873182296753
0.1847967952489853
0.12430476397275925
0.23025453090667725
0.11242789030075073
0.12313197553157806
0.30542901158332825
0.16703800857067108
0.23355983197689056
0.2402094155550003
0.2543676495552063
0.3714835047721863
0.2913438677787781
0.23331661522388458
0.16706910729408264
0.2989876866340637
0.2022045999765396
0.3125097453594208
0.29505056142807007
0.41622209548950195
0.23362372815608978
0.2916843891143799
0.2566329836845398
0.37250953912734985
0.17296148836612701
0.29165107011795044
0.2585231363773346
0.2840481996536255
0.3391202688217163
0.408791720867157
0.23119063675403595
0.34741437435150146
0.22135527431964874
0.18577760457992554
0.1674310266971588
0.3279421925544739
0.23487673699855804
0.32560059428215027
0.3463742733001709
0.5689339637756348
0.39704638719558716
0.379550039768219
0.44319820404052734
0.17130941152572632
0.3682764172554016
0.30160343647003174
0.20879727602005005
0.31272032856941223
0.17603382468223572
0.252167284488678
0.22863607108592987
0.46225684881210327
0.25214430689811707
0.19400924444198608
0.27252620458602905
0.30307891964912415
0.20210358500480652
0.1732787787914276
0.2030278742313385
0.21067410707473755
0.2610514163970947
0.4589449167251587
0.2791248559951782
0.31944704055786133
0.2630983293056488
0.3898996412754059
0.18204784393310547
0.24591977894306183
0.2634761333465576
0.2159128040075302
0.15595585107803345
0.211067333817482
0.16055706143379211
0.15486454963684082
0.20919391512870789
0.13608351349830627
0.13303914666175842
0.6190307140350342
0.31461086869239807
0.4558402895927429
0.2685405910015106
0.35943466424942017
0.19335171580314636
0.326064795255661
0.2173057198524475
0.3453153073787689
0.27529364824295044
0.24315693974494934
0.28049078583717346
0.28663086891174316
0.42179083824157715
0.5243895649909973
0.3826709985733032
0.6874104738235474
0.35153207182884216
0.4648635983467102
0.15489917993545532
0.17252784967422485
0.298636257648468
0.2951866090297699
0.24649634957313538
0.29895639419555664
0.4450656771659851
0.496853768825531
0.5328665971755981
0.364663302898407
0.23522549867630005
0.47188040614128113
0.46469736099243164
0.8267505168914795
0.4010925889015198
0.40450984239578247
0.3561229407787323
0.4159940183162689
0.372872531414032
0.4822845757007599
0.17444993555545807
0.31567203998565674
0.38803988695144653
0.17964904010295868
0.325691282749176
0.3796193301677704
0.18492871522903442
0.3357067108154297
0.30443549156188965
0.2602716386318207
0.3098570704460144
0.21600405871868134
0.363106906414032
0.7143690586090088
0.25653162598609924
0.1917497217655182
0.34808218479156494
0.3946496844291687
0.16820423305034637
0.3025971055030823
0.27212005853652954
0.293258398771286
0.23377582430839539
0.40695759654045105
0.30415433645248413
0.3048655092716217
0.420775443315506
0.30343684554100037
0.39790552854537964
0.29131633043289185
0.18234233558177948
0.32911914587020874
0.3310370147228241
0.3560352325439453
0.21931269764900208
0.2320437729358673
0.24042019248008728
0.6596699357032776
0.23841771483421326
0.20506814122200012
0.279170960187912
0.18883541226387024
0.21548664569854736
0.44523388147354126
0.1633966565132141
0.3176855742931366
0.2589939832687378
0.2257988601922989
0.20381152629852295
0.20773741602897644
0.20642386376857758
0.5037690997123718
0.23474667966365814
0.18480262160301208
0.23464195430278778
0.367879182100296
0.3927222490310669
0.1620294749736786
0.29625701904296875
0.16777309775352478
0.2397211790084839
0.20614154636859894
0.2966410517692566
0.4507613480091095
-0.011829441413283348
0.23148173093795776
0.23242875933647156
0.16491356492042542
0.2640027403831482
0.40337836742401123
0.32286691665649414
0.2767324149608612
0.2026829719543457
0.19707784056663513
0.22493848204612732
0.6811028122901917
0.2212979793548584
0.4293014407157898
0.2366381585597992
0.1325521022081375
0.22303611040115356
0.34555932879447937
0.24432726204395294
0.32439306378364563
0.2973513603210449
0.2198352813720703
0.2599087655544281
0.3672633767127991
0.3376244604587555
0.2428843379020691
0.4243350327014923
0.4422595500946045
0.42900389432907104
0.2883419990539551
0.2051672339439392
0.17775937914848328
0.22178936004638672
0.6933145523071289
0.28170523047447205
0.432339608669281
0.2614689767360687
0.28133082389831543
0.2352360337972641
0.3337901830673218
0.16553336381912231
0.34133464097976685
0.23900017142295837
0.25375959277153015
0.2308787703514099
0.3999861478805542
0.20586295425891876
0.2343020737171173
0.26916757225990295
0.1729547679424286
0.19930662214756012
0.2211081087589264
0.20853015780448914
0.3435407280921936
0.20634736120700836
0.22200986742973328
0.20606720447540283
0.1706935614347458
0.3636855483055115
0.5454878807067871
0.5350326299667358
0.37905165553092957
0.2785506248474121
0.17010101675987244
0.2381446659564972
0.6755365133285522
0.2471562922000885
0.20916776359081268
0.22542980313301086
0.314292311668396
0.22361373901367188
0.2783537805080414
0.312215119600296
0.2684211730957031
0.30541548132896423
0.31951820850372314
0.26342716813087463
0.3861970901489258
0.30607813596725464
0.24921785295009613
0.1660778522491455
0.2929186522960663
0.2700079679489136
0.27671563625335693
0.23659469187259674
0.21375763416290283
0.29912006855010986
0.20818452537059784
0.19897381961345673
0.4835945963859558
0.2121618390083313
0.4200953543186188
0.20729590952396393
0.16501836478710175
0.21837115287780762
0.21047428250312805
0.19147257506847382
0.24719880521297455
0.10658245533704758
0.18340398371219635
0.2096666395664215
0.20536735653877258
0.17053303122520447
0.6327313184738159
0.17951063811779022
0.2321285605430603
0.19740214943885803
0.21940138936042786
0.17242208123207092
0.7530932426452637
0.21843823790550232
0.19740214943885803
0.3031749427318573
0.19571806490421295
0.4372234344482422
0.18508067727088928
0.38852405548095703
0.4179862439632416
0.39094218611717224
0.20237229764461517
0.2892783582210541
0.758232593536377
