0.19555163383483887
0.2193787544965744
0.16658714413642883
0.1929299533367157
0.19970481097698212
0.19164976477622986
0.1566811501979828
0.16111764311790466
0.16864103078842163
0.27713537216186523
0.32824277877807617
0.353459894657135
0.2361428439617157
0.20039492845535278
0.16118285059928894
0.2401040494441986
0.3421182930469513
0.34776216745376587
0.16967740654945374
0.205865740776062
0.23431259393692017
0.2524121105670929
0.19143863022327423
0.19964592158794403
0.23282186686992645
0.27336740493774414
0.2644542157649994
0.2422005832195282
0.2159019112586975
0.16789510846138
0.3325984477996826
0.1930314600467682
0.18241630494594574
0.2801959216594696
0.26011914014816284
0.17293384671211243
0.32652854919433594
0.2334037572145462
0.32542526721954346
0.1892097145318985
0.38647374510765076
0.38105687499046326
0.19414152204990387
0.1928275227546692
0.3045421242713928
0.21830058097839355
0.21862483024597168
0.3263401985168457
0.30323952436447144
0.2988709807395935
0.17537762224674225
0.26010432839393616
0.2927455008029938
0.22437170147895813
0.3169478476047516
0.17213205993175507
0.33978691697120667
0.24265605211257935
0.2509307861328125
0.3167616128921509
0.4407256543636322
0.18607056140899658
0.5614475011825562
0.3278086185455322
0.47913622856140137
0.23544082045555115
0.22700101137161255
0.20044444501399994
0.1966124176979065
0.16017019748687744
0.18347309529781342
0.19690662622451782
0.1639336347579956
0.24832308292388916
0.2520402669906616
0.19037148356437683
0.20796090364456177
0.21227853000164032
0.204929381608963
0.17091886699199677
0.23411963880062103
0.2037898451089859
0.20335125923156738
0.22370347380638123
0.2021719217300415
0.1810768097639084
0.21192480623722076
0.17755353450775146
0.19055937230587006
0.35181277990341187
0.29915744066238403
0.21992556750774384
0.2535577118396759
0.11492738872766495
0.4352535605430603
0.49318769574165344
0.19481009244918823
0.2963157594203949
0.18783752620220184
0.23280175030231476
0.2138245850801468
0.2243720442056656
0.2120147943496704
0.3764065206050873
0.26280128955841064
0.20472586154937744
0.1715322583913803
0.19374296069145203
0.18345095217227936
0.19099017977714539
0.17160838842391968
0.23731470108032227
0.120640330016613
0.22698913514614105
0.2869212031364441
0.20163646340370178
0.19581662118434906
0.2537499666213989
0.25959673523902893
0.1725742667913437
0.21349400281906128
0.3117637634277344
0.20793165266513824
0.23095308244228363
0.1728767603635788
0.083663210272789
0.37185630202293396
0.287261426448822
0.31811389327049255
0.17601078748703003
0.27609705924987793
0.39540213346481323
0.23156584799289703
0.2364315241575241
0.2238236367702484
0.1909193992614746
0.19492608308792114
0.19611424207687378
0.33237022161483765
0.19309808313846588
0.3031695783138275
0.28997913002967834
0.27885162830352783
0.1865915209054947
0.33384209871292114
0.24766427278518677
0.1655726283788681
0.19556206464767456
0.4291767477989197
0.21052269637584686
0.40234556794166565
0.37547141313552856
0.22719167172908783
0.26483750343322754
0.3799145817756653
0.24987995624542236
0.3440127968788147
0.21131139993667603
0.2536795735359192
0.21944651007652283
0.20855173468589783
0.1704205572605133
0.32182830572128296
0.20370933413505554
0.2056778073310852
0.21334868669509888
0.19483333826065063
0.18526726961135864
0.20881783962249756
0.17991453409194946
0.09396448731422424
0.24736140668392181
0.354732871055603
0.20570342242717743
0.3277398347854614
0.575863242149353
0.24481555819511414
0.17231746017932892
0.38643884658813477
0.4339420795440674
0.1785353422164917
0.20573690533638
0.14963920414447784
0.16418370604515076
0.3433559834957123
0.15821494162082672
0.22763094305992126
0.43153706192970276
0.22563324868679047
0.22474215924739838
0.19520728290081024
0.21991285681724548
0.17761853337287903
0.16700343787670135
0.31347185373306274
0.22201654314994812
0.1774134635925293
0.26724955439567566
0.21248747408390045
0.21155057847499847
0.37984275817871094
0.1655614972114563
0.17816196382045746
0.21444901823997498
0.16793671250343323
0.19171343743801117
0.20854228734970093
0.15668675303459167
0.1639430820941925
0.15741530060768127
0.16982358694076538
0.1664414405822754
0.33168840408325195
0.2683151364326477
0.25403904914855957
0.3117840588092804
0.22105205059051514
0.29074105620384216
0.20069144666194916
0.19007724523544312
0.1744370311498642
0.2008923590183258
0.24896195530891418
0.2967028021812439
0.31785354018211365
0.34417855739593506
0.17847371101379395
0.3849320411682129
0.2070113718509674
0.21359270811080933
0.19141234457492828
0.17246341705322266
0.1917368769645691
0.3814105987548828
0.18839949369430542
0.20631007850170135
0.26392310857772827
0.20074425637722015
0.21998323500156403
0.26913443207740784
0.17766103148460388
0.2081148326396942
0.35188180208206177
0.2781354784965515
0.18630154430866241
0.17467744648456573
0.19913190603256226
0.26325005292892456
0.45361965894699097
0.27460262179374695
0.17508305609226227
0.2997215688228607
0.24342316389083862
0.21014904975891113
0.20590545237064362
0.18677668273448944
0.30972933769226074
0.301990270614624
0.18034230172634125
0.20466390252113342
0.2321852743625641
0.2387009859085083
0.29061245918273926
0.29193297028541565
0.310594379901886
0.21223567426204681
0.1789155900478363
0.24767133593559265
0.2513400614261627
0.21109925210475922
0.24385935068130493
0.1616562455892563
0.22708089649677277
0.18790510296821594
0.22674410045146942
0.23655396699905396
0.17717880010604858
0.17464497685432434
0.1911725401878357
0.1729729324579239
0.1747235655784607
0.19825837016105652
0.1879865527153015
0.28294914960861206
0.20822666585445404
0.37035566568374634
0.23175399005413055
0.5046018362045288
0.17611026763916016
0.1582990288734436
0.22186824679374695
0.19370165467262268
0.16271474957466125
0.17366984486579895
0.2215391844511032
0.3168501853942871
0.22531604766845703
0.15670816600322723
0.207686185836792
0.19218504428863525
0.33797192573547363
0.3225914239883423
0.10051413625478745
0.12076078355312347
0.32314231991767883
0.24972181022167206
0.5415862202644348
0.19602271914482117
0.5501225590705872
0.5339044332504272
0.4304141402244568
0.4567091763019562
0.12007855623960495
0.17751531302928925
0.16590939462184906
0.21728268265724182
0.1658732295036316
0.17495936155319214
0.1860729157924652
0.4163973927497864
0.2435375154018402
0.15774571895599365
0.4386528730392456
0.39419710636138916
0.3428334593772888
0.18812280893325806
0.17580297589302063
0.17666219174861908
0.17903903126716614
0.1589617133140564
0.2208295315504074
0.2040596604347229
0.16725295782089233
0.33349183201789856
0.20912660658359528
0.14978793263435364
0.10291986912488937
0.25954586267471313
0.18462395668029785
0.22416868805885315
0.22944775223731995
0.2092781513929367
0.19446209073066711
0.2016022801399231
0.24269048869609833
0.2641299366950989
0.17543907463550568
0.21149452030658722
0.2657891511917114
0.18383143842220306
0.18579334020614624
0.2061287760734558
0.19159545004367828
0.21691575646400452
0.3651195466518402
0.1874179244041443
0.16916914284229279
0.19743449985980988
0.36010491847991943
0.3244262635707855
0.20763877034187317
0.20704752206802368
0.27146103978157043
0.21716175973415375
0.21746039390563965
0.18081362545490265
0.2696984112262726
0.2915748953819275
0.23537838459014893
0.2878682017326355
0.16809651255607605
0.27891942858695984
0.1898193657398224
0.20439881086349487
0.16834184527397156
0.18022659420967102
0.1922248899936676
0.2225014716386795
0.20444738864898682
0.2272345870733261
0.19614772498607635
0.17210909724235535
0.1879168599843979
0.165958970785141
0.23192769289016724
0.16889113187789917
0.3020919859409332
0.24934346973896027
0.27787020802497864
0.2670329511165619
0.36917969584465027
0.1817963719367981
0.2063763290643692
0.4210834801197052
0.22954043745994568
0.21284908056259155
0.29550325870513916
0.3421577513217926
0.3400200605392456
0.17214712500572205
0.2588751018047333
0.2025475651025772
0.19268855452537537
0.18148687481880188
0.2686131000518799
0.3282102942466736
0.2594975233078003
0.25858891010284424
0.1704956591129303
0.3134475350379944
0.1832991987466812
0.21027085185050964
0.20372144877910614
0.19152706861495972
0.2252907156944275
0.22474361956119537
0.23544403910636902
0.21389713883399963
0.17396315932273865
0.23712468147277832
0.16727092862129211
0.18887677788734436
0.2514342665672302
0.25040435791015625
0.4436447024345398
0.17289024591445923
0.16904430091381073
0.11793707311153412
0.16963642835617065
0.1740354597568512
0.16678863763809204
0.15685443580150604
0.4420773386955261
0.44569098949432373
0.3050799071788788
0.26623401045799255
0.20226401090621948
0.40541282296180725
0.21126091480255127
0.18734627962112427
0.3462260961532593
0.21350137889385223
0.16632486879825592
0.27726027369499207
0.394949734210968
0.16646221280097961
0.29013726115226746
0.1798044890165329
0.30979233980178833
0.18871724605560303
0.3791634440422058
0.14495410025119781
0.1998535394668579
0.4074150025844574
0.21606141328811646
0.27264833450317383
0.17207415401935577
0.09946003556251526
0.3450201749801636
0.1612020879983902
0.24986736476421356
0.2156752347946167
0.17838270962238312
0.18625026941299438
0.11434589326381683
0.18997064232826233
0.16803374886512756
0.22818022966384888
0.16262003779411316
0.3173554539680481
0.21045157313346863
0.22569839656352997
0.19061076641082764
0.3037567138671875
0.24156516790390015
0.48963508009910583
0.23121397197246552
0.22714196145534515
0.11223260313272476
0.2324792444705963
0.2157038301229477
0.20621338486671448
0.3769409954547882
0.18635673820972443
0.2827039062976837
0.2657839059829712
0.20805306732654572
0.17960070073604584
0.23479333519935608
0.37999817728996277
0.19404342770576477
0.20212937891483307
0.15795022249221802
0.16544771194458008
0.16769921779632568
0.21269626915454865
0.09011260420084
0.16836142539978027
0.09748908877372742
0.28626877069473267
0.22454878687858582
0.2982519567012787
0.23434439301490784
0.2732275128364563
0.17303670942783356
0.3408736288547516
0.39298373460769653
0.3413996994495392
0.4065955579280853
0.29048776626586914
0.3686588704586029
0.18862119317054749
0.21452167630195618
0.11509890109300613
0.505890429019928
0.27579987049102783
0.3587653636932373
0.3810715675354004
0.19689048826694489
0.22902649641036987
0.1940019726753235
0.23885048925876617
0.23492170870304108
0.21727420389652252
0.39186519384384155
0.24878597259521484
0.25198718905448914
0.16916275024414062
0.1264658272266388
0.3088507652282715
0.23357149958610535
0.18841363489627838
0.2995418310165405
0.317926287651062
0.36243200302124023
0.22701644897460938
0.17035895586013794
0.20875856280326843
0.18094518780708313
0.41015881299972534
0.2800435423851013
0.27215272188186646
0.20436538755893707
0.20785322785377502
0.17113247513771057
0.29341059923171997
0.18783414363861084
0.17693844437599182
0.36085137724876404
0.3176330327987671
0.2600712776184082
0.21183998882770538
0.16612695157527924
0.16818711161613464
0.1752687692642212
0.1450939029455185
0.2305825650691986
0.18568149209022522
0.22280389070510864
0.1607883721590042
0.2027689516544342
0.21978461742401123
0.27716583013534546
0.2598763406276703
0.21785099804401398
0.09600047767162323
0.21498800814151764
0.20322518050670624
0.1945732980966568
0.22153660655021667
0.2872600555419922
0.17748494446277618
0.21735329926013947
0.27371397614479065
0.251332551240921
0.24631716310977936
0.17707902193069458
0.27523431181907654
0.21506625413894653
0.2258485108613968
0.1840369701385498
0.21651525795459747
0.3984426259994507
0.3347863554954529
0.1753045916557312
0.3309353291988373
0.36676591634750366
0.3625842332839966
0.1867426037788391
0.621338963508606
0.3191298842430115
0.12822991609573364
0.23568543791770935
0.20001600682735443
