0.16373351216316223
0.2614573538303375
0.2612198293209076
0.29397037625312805
0.25438177585601807
0.28438591957092285
0.6969591379165649
0.3999948799610138
0.3121642768383026
0.2869846522808075
0.21828995645046234
0.38408714532852173
0.3835403323173523
0.1838379055261612
0.3209027051925659
0.359475314617157
0.4028267562389374
0.3779752552509308
0.21894794702529907
0.29678934812545776
0.3357543647289276
0.33675551414489746
0.25200510025024414
0.17514735460281372
0.21062517166137695
0.22246375679969788
0.20895807445049286
0.17582236230373383
0.20885686576366425
0.22870279848575592
0.26332879066467285
0.3249226212501526
0.2344534695148468
0.2382618486881256
0.18406999111175537
0.41822341084480286
0.17791128158569336
0.4429761469364166
0.22932280600070953
0.3636105954647064
0.21894270181655884
0.46087461709976196
0.20315444469451904
0.523879885673523
0.7510254383087158
0.9047240018844604
0.8186882734298706
0.2863805294036865
0.21618422865867615
0.32463139295578003
0.3487084209918976
0.16902947425842285
0.2813248038291931
0.3608589172363281
0.26357126235961914
0.18346425890922546
0.20479676127433777
0.19390279054641724
0.19650492072105408
0.17975163459777832
0.2755085527896881
0.874716579914093
0.8846530914306641
0.7458288669586182
0.8320940732955933
0.9289548397064209
0.38702255487442017
0.18557186424732208
0.1931574046611786
0.24514999985694885
0.35166990756988525
0.24368873238563538
0.31436091661453247
0.2646838426589966
0.308893620967865
0.36386990547180176
0.17948590219020844
0.2156534194946289
0.2598884105682373
0.3482665717601776
0.18729715049266815
0.3457251787185669
0.17568829655647278
0.17706748843193054
0.2484234869480133
0.26698926091194153
0.20274391770362854
0.2653599977493286
0.3299274146556854
0.23873455822467804
0.5690977573394775
0.665428102016449
0.6712101697921753
0.09764114022254944
0.14304089546203613
0.6870008111000061
0.3941150903701782
0.4399372935295105
0.4843152165412903
0.21291236579418182
0.22532476484775543
0.5219794511795044
0.438047856092453
0.19908015429973602
0.32841429114341736
0.3985466957092285
0.26670029759407043
0.36382853984832764
0.3770877420902252
0.2104971706867218
0.2077859491109848
0.19738829135894775
0.2168697565793991
0.2132885605096817
0.21009303629398346
0.21219800412654877
0.2387475073337555
0.21645820140838623
0.1704784333705902
0.3778257369995117
0.1340392380952835
0.3767164945602417
0.3696024417877197
0.44727206230163574
0.3905025124549866
0.15832197666168213
0.5228557586669922
0.42055845260620117
0.2531590163707733
0.359292596578598
0.19729119539260864
0.4192328453063965
0.2573527693748474
0.447723388671875
0.17516854405403137
0.12718407809734344
0.48486611247062683
0.1989423632621765
0.4859679043292999
0.4327452480792999
0.5237034559249878
0.22341156005859375
0.4371400773525238
0.5114714503288269
0.3627699613571167
0.28809571266174316
0.21266557276248932
0.3609127998352051
0.36736148595809937
0.3398246765136719
0.4048977494239807
0.3063415288925171
0.4245852828025818
0.625694990158081
0.4993515908718109
0.5222912430763245
0.09863150864839554
0.3733983635902405
0.10533685982227325
0.244266077876091
0.0832178145647049
0.3310762047767639
0.5135685205459595
0.1241607517004013
0.5683202743530273
0.28536683320999146
0.5458180904388428
0.10732679814100266
0.296965628862381
0.4477176070213318
0.11701710522174835
0.4898654520511627
0.3852273225784302
0.4517064094543457
0.593807578086853
0.7153443098068237
0.22579091787338257
0.4371297061443329
0.593414843082428
0.6441221237182617
0.21478179097175598
0.18489386141300201
0.296620637178421
0.2777981758117676
0.4428451359272003
0.24879257380962372
0.23912487924098969
0.4152199625968933
0.22492018342018127
0.12843334674835205
0.3233715891838074
0.07626642286777496
0.2485581338405609
0.22234126925468445
0.18122176826000214
0.2162727415561676
0.24244153499603271
0.32465416193008423
0.34301140904426575
0.18925273418426514
0.171295627951622
0.2515525817871094
0.3388899564743042
0.3574443757534027
0.1640351414680481
0.41118624806404114
0.20601505041122437
0.19340255856513977
0.20722581446170807
0.2104255110025406
0.3973633646965027
0.544658899307251
0.26136916875839233
0.3300533890724182
0.17811763286590576
0.5120272636413574
0.34885019063949585
0.3477495014667511
0.3833407163619995
0.16100814938545227
0.34757959842681885
0.363858163356781
0.4630771279335022
0.1993621438741684
0.22522656619548798
0.3739224672317505
0.26694175601005554
0.41680994629859924
0.4077172875404358
0.323504775762558
0.17509429156780243
0.4357682168483734
0.3812110424041748
0.3552333116531372
0.3814716935157776
0.3161204755306244
0.1991758644580841
0.18290987610816956
0.3358326554298401
0.44771498441696167
0.2235257774591446
0.1280616670846939
0.5318597555160522
0.5071077942848206
0.508519172668457
0.24322569370269775
0.29121100902557373
0.3533918559551239
0.5844221115112305
0.321043461561203
0.21281208097934723
0.7715160846710205
0.20027565956115723
0.2077377289533615
0.2727523446083069
0.3238658905029297
0.22215808928012848
0.1630025953054428
0.39886149764060974
0.28594863414764404
0.4353030323982239
0.20624828338623047
0.4439760744571686
0.4331780970096588
0.18707746267318726
0.17595189809799194
0.26825809478759766
0.3609626591205597
0.23843708634376526
0.2678346037864685
0.19034922122955322
0.17176112532615662
0.1846718192100525
0.19248005747795105
0.21021156013011932
0.1636548787355423
0.27208980917930603
0.19298028945922852
0.23043549060821533
0.22547496855258942
0.1827542930841446
0.21104827523231506
0.2610749900341034
0.4223446249961853
0.11197073757648468
0.33155035972595215
0.4162329435348511
0.2675792872905731
0.4530523419380188
0.20334643125534058
0.3760777711868286
0.18701398372650146
0.2598942220211029
0.21078091859817505
0.2408086359500885
0.2325819730758667
0.3191015422344208
0.19544744491577148
0.19792968034744263
0.21631908416748047
0.37566322088241577
0.6924707889556885
0.33672377467155457
0.14284881949424744
0.30986371636390686
0.663393497467041
0.28269004821777344
0.4893724024295807
0.36096814274787903
0.30740559101104736
0.4943865239620209
0.23000481724739075
0.5159603953361511
0.30323874950408936
0.22823327779769897
0.6497175693511963
0.37357097864151
0.44173794984817505
0.526997447013855
0.2278531789779663
0.44007784128189087
0.5178952217102051
0.4744829833507538
0.45687422156333923
0.7404599189758301
0.6246756315231323
0.5603504180908203
0.7347473502159119
0.6472676992416382
0.1983281373977661
0.23912543058395386
0.49593815207481384
0.17714467644691467
0.26872265338897705
0.24005551636219025
0.2763391137123108
0.1984347701072693
0.2233475148677826
0.3332485556602478
0.30136922001838684
0.22171108424663544
0.12529641389846802
0.5163390636444092
0.20631921291351318
0.42511820793151855
0.40029266476631165
0.3765418827533722
0.22029440104961395
0.188837930560112
0.290126234292984
0.16613486409187317
0.26741939783096313
0.3450404405593872
0.3074834942817688
0.3417888581752777
0.4275214970111847
0.44982799887657166
0.18470695614814758
0.3244682550430298
0.378896564245224
0.18808145821094513
0.3292829394340515
0.3538093566894531
0.21775101125240326
0.36103886365890503
0.1810985505580902
0.19491514563560486
0.16111378371715546
0.17632679641246796
0.19183488190174103
0.2612663507461548
0.29257890582084656
0.2486042082309723
0.4012855887413025
0.2193896770477295
0.3752794861793518
0.40569114685058594
0.17134080827236176
0.21109984815120697
0.20020651817321777
0.23942337930202484
0.25604280829429626
0.3463284969329834
0.31003671884536743
0.3251841962337494
0.4031553864479065
0.19536720216274261
0.3305206894874573
0.20425762236118317
0.3714047074317932
0.20003248751163483
0.6167807579040527
0.4623865783214569
0.2924861013889313
0.5421111583709717
0.4786616265773773
0.5833570957183838
0.4056898057460785
0.4447534382343292
0.5080158710479736
0.20714804530143738
0.4419616460800171
0.2239733189344406
0.33745431900024414
0.30867642164230347
0.22376994788646698
0.2879444658756256
0.26618388295173645
0.3078840374946594
0.32141029834747314
0.18114593625068665
0.3430003523826599
0.4138624668121338
0.35715433955192566
0.4464525282382965
0.28994572162628174
0.42611950635910034
0.20791617035865784
0.38671526312828064
0.3072134554386139
0.26738354563713074
0.20747700333595276
0.18739119172096252
0.2520065903663635
0.28177332878112793
0.25964266061782837
0.4664691686630249
0.5237364768981934
0.2240823656320572
0.417982816696167
0.342342734336853
0.4083199203014374
0.6980586051940918
0.2510119080543518
0.47239765524864197
0.3585240840911865
0.24268585443496704
0.44133710861206055
0.3492385149002075
0.3563019037246704
0.29274556040763855
0.1833573877811432
0.35040998458862305
0.36439210176467896
0.6695074439048767
0.6233105659484863
0.20814798772335052
0.6928865313529968
0.580255389213562
0.6764077544212341
0.4172070026397705
0.3964419662952423
0.42229318618774414
0.1961928904056549
0.3709058165550232
0.43973347544670105
0.39982396364212036
0.3274342715740204
0.40330684185028076
0.2917567789554596
0.6558182239532471
0.19759288430213928
0.19083352386951447
0.11507770419120789
0.17259220778942108
0.1707737147808075
0.21749362349510193
0.19988325238227844
0.36366742849349976
0.3707066774368286
0.3331843316555023
0.2415371835231781
0.168727844953537
0.17097525298595428
0.4908137917518616
0.21704499423503876
0.20386958122253418
0.24926325678825378
0.3041923940181732
0.3331716060638428
0.24136847257614136
0.2592500150203705
0.18998992443084717
0.24347858130931854
0.31218221783638
0.2417421191930771
0.43452805280685425
0.4030640721321106
0.2735282778739929
0.3936985731124878
0.1881030946969986
0.3989322781562805
0.11950156092643738
0.40325552225112915
0.45630311965942383
0.47835779190063477
0.4359215199947357
0.41488951444625854
0.23255988955497742
0.169607475399971
0.18597599864006042
0.3319999873638153
0.18174675107002258
0.416163831949234
0.39635661244392395
0.39242345094680786
0.38498449325561523
0.19880156219005585
0.4393119812011719
0.3871695101261139
0.9259176254272461
0.803748369216919
0.8144935965538025
0.2283824384212494
0.7392001748085022
0.5739759802818298
0.22093655169010162
0.3586186170578003
0.2167518138885498
0.18109247088432312
0.2368811070919037
0.23284201323986053
0.4411664605140686
0.5285988450050354
0.37084662914276123
0.3286328911781311
0.3721737563610077
0.201018825173378
0.2589312791824341
0.29884448647499084
0.35564106702804565
0.2243412733078003
0.20121152698993683
0.3977690041065216
0.29178857803344727
0.1910502165555954
0.2268642634153366
0.3363921642303467
0.423628032207489
0.2904056906700134
0.306973934173584
0.179136261343956
0.27965548634529114
0.3289995789527893
0.339385986328125
0.2875169515609741
0.2989303469657898
0.37709981203079224
0.18662023544311523
0.3738880157470703
0.40983858704566956
0.4058986008167267
0.4851461350917816
0.3402622640132904
0.528253436088562
0.21921516954898834
0.38305559754371643
0.508327841758728
0.2534632086753845
0.2858208417892456
0.3168973922729492
0.31837064027786255
0.3020206689834595
0.1912236213684082
0.177377849817276
0.209487184882164
0.21315670013427734
0.20924456417560577
0.1959943324327469
0.3622128963470459
0.3346981108188629
0.31215471029281616
0.18487867712974548
0.37259870767593384
0.31452682614326477
0.18914972245693207
0.2916161119937897
0.22798822820186615
0.32115617394447327
0.2344433218240738
0.29356127977371216
0.2145286351442337
0.5400111675262451
0.5891534090042114
0.6398295760154724
0.372185617685318
0.20860983431339264
0.67340087890625
0.555368185043335
0.5657569169998169
0.22611702978610992
0.5992805361747742
0.19083251059055328
0.32080063223838806
