0.2445366531610489
0.43644118309020996
0.2665638327598572
0.21288210153579712
0.23866263031959534
0.2209998220205307
0.35688668489456177
0.7516108751296997
0.3310577869415283
0.2750058174133301
0.3476182818412781
0.19242238998413086
0.33840760588645935
0.3424539268016815
0.17023640871047974
0.278489887714386
0.34743833541870117
0.32216891646385193
0.24274098873138428
0.23947679996490479
0.23291808366775513
0.321421355009079
0.1887124925851822
0.17217309772968292
0.18219666182994843
0.21828192472457886
0.216831237077713
0.20187218487262726
0.22380320727825165
0.44876909255981445
0.33085453510284424
0.2290208339691162
0.1138460785150528
0.305071085691452
0.36022526025772095
0.4978102445602417
0.25768375396728516
0.2111572027206421
0.1887170374393463
0.4716901481151581
0.23832672834396362
0.21120585501194
0.3881182074546814
0.4216146767139435
0.5706905722618103
0.38179007172584534
0.2465195208787918
0.24521759152412415
0.19496802985668182
0.29642730951309204
0.21026825904846191
0.28529515862464905
0.2760685980319977
0.6889686584472656
0.17282575368881226
0.4540126919746399
0.22143395245075226
0.2066294401884079
0.23318129777908325
0.2949182093143463
0.42479610443115234
0.8271396160125732
0.36174267530441284
0.2300444096326828
0.5397378206253052
0.36174267530441284
0.19332696497440338
0.4356052279472351
0.17204272747039795
0.16505032777786255
0.17808367311954498
0.1782400906085968
0.23209339380264282
0.24924379587173462
0.17692089080810547
0.4420201778411865
0.2430625706911087
0.1972605437040329
0.30798766016960144
0.37315425276756287
0.30838435888290405
0.30990099906921387
0.33391985297203064
0.16770952939987183
0.22172720730304718
0.2264634072780609
0.273456871509552
0.2869691848754883
0.21471147239208221
0.3428042232990265
0.4197053909301758
0.5684834718704224
0.2989053428173065
0.5842341184616089
0.12868843972682953
0.600747287273407
0.33306390047073364
0.3774465322494507
0.35963645577430725
0.4117055833339691
0.2237967699766159
0.3830151855945587
0.2996528148651123
0.33250725269317627
0.18950483202934265
0.3081022799015045
0.4522767961025238
0.4761819839477539
0.240867018699646
0.2211364209651947
0.3346555233001709
0.3524017333984375
0.3402448892593384
0.4026962220668793
0.2637358009815216
0.23467600345611572
0.16749010980129242
0.3661887049674988
0.25616490840911865
0.2422461062669754
0.3854982852935791
0.3995929956436157
0.1933034062385559
0.38996461033821106
0.3774997591972351
0.4198448956012726
0.18323388695716858
0.25496068596839905
0.29201871156692505
0.2580645680427551
0.2684466242790222
0.2843777537345886
0.5843696594238281
0.6034042835235596
0.17479658126831055
0.3981761634349823
0.104714035987854
0.31154850125312805
0.31150010228157043
0.6156545877456665
0.4235961437225342
0.4445408284664154
0.36256343126296997
0.21472857892513275
0.19352251291275024
0.6810083389282227
0.23597265779972076
0.3357090950012207
0.29233524203300476
0.337350994348526
0.5057781338691711
0.4263473153114319
0.2750643491744995
0.8134559392929077
0.4731742739677429
0.5151516795158386
0.24344342947006226
0.3482449948787689
0.18757334351539612
0.24528168141841888
0.24595412611961365
0.22299399971961975
0.2731677293777466
0.5474650859832764
0.11301980912685394
0.41282010078430176
0.259187251329422
0.23620004951953888
0.18362800776958466
0.5944780111312866
0.42947065830230713
0.42103904485702515
0.3778461813926697
0.3416474461555481
0.47748154401779175
0.3900660276412964
0.4466586410999298
0.2252611368894577
0.498102605342865
0.7895863056182861
0.19487252831459045
0.3233042359352112
0.37263911962509155
0.37450340390205383
0.3846725821495056
0.4418054223060608
0.22537948191165924
0.7092989087104797
0.28583648800849915
0.16598547995090485
0.30098825693130493
0.30098825693130493
0.2539668083190918
0.5227699279785156
0.2156219780445099
0.46681246161460876
0.2154659926891327
0.18285353481769562
0.22106149792671204
0.41971397399902344
0.2367987036705017
0.1695634424686432
0.2259787619113922
0.22265709936618805
0.10837432742118835
0.22846506536006927
0.3415972888469696
0.5226771831512451
0.30119431018829346
0.1720208376646042
0.31069618463516235
0.35401028394699097
0.3291262984275818
0.4393196702003479
0.3397711217403412
0.18394407629966736
0.16413575410842896
0.47936975955963135
0.16663719713687897
0.18055403232574463
0.19826845824718475
0.19609925150871277
0.2890113592147827
0.2570338547229767
0.10566969960927963
0.25879019498825073
0.2607417106628418
0.35798415541648865
0.16275417804718018
0.4445316195487976
0.2136046290397644
0.2303793877363205
0.30727440118789673
0.28139495849609375
0.17775897681713104
0.2191736400127411
0.14141742885112762
0.18246358633041382
0.1618802398443222
0.5612512826919556
0.37128591537475586
0.1360359638929367
0.17715603113174438
0.649169921875
0.3512163758277893
0.19505873322486877
0.6445456147193909
0.13862092792987823
0.5879717469215393
0.9168131351470947
0.6839829683303833
0.6611584424972534
0.1634204089641571
0.48851868510246277
0.27757012844085693
0.2600899934768677
0.1329781413078308
0.12946146726608276
0.21086463332176208
0.3194414973258972
0.37254899740219116
0.3130263090133667
0.2162831723690033
0.21755236387252808
0.3587583303451538
0.3293694853782654
0.36918947100639343
0.17528071999549866
0.3729517459869385
0.4418060779571533
0.23005367815494537
0.18891827762126923
0.22277119755744934
0.3391762375831604
0.21143828332424164
0.25640031695365906
0.2903505563735962
0.5275267362594604
0.20604026317596436
0.2914413809776306
0.1366264820098877
0.20908638834953308
0.31421858072280884
0.23108673095703125
0.40111398696899414
0.5381745100021362
0.4158291816711426
0.10848325490951538
0.2117782086133957
0.25410178303718567
0.3416339159011841
0.39315420389175415
0.22690631449222565
0.29665443301200867
0.18273186683654785
0.1407185196876526
0.16118274629116058
0.39564016461372375
0.3127010762691498
0.16189411282539368
0.1373930722475052
0.3071303069591522
0.3985353708267212
0.4677528738975525
0.30450117588043213
0.378681480884552
0.32874614000320435
0.3382973074913025
0.3772215247154236
0.611583411693573
0.33376437425613403
0.2983854115009308
0.334227591753006
0.3137437105178833
0.13926631212234497
0.3854678273200989
0.33783939480781555
0.31881535053253174
0.28385937213897705
0.3524865508079529
0.2992706894874573
0.31324106454849243
0.2180212438106537
0.5281233787536621
0.43988534808158875
0.448417067527771
0.400845468044281
0.22717870771884918
0.4169794023036957
0.7847362160682678
0.39030733704566956
0.4779582619667053
0.33851057291030884
0.3244447708129883
0.15637463331222534
0.33722296357154846
0.1775330752134323
0.18172164261341095
0.1939588040113449
0.20037397742271423
0.199163019657135
0.5165755748748779
0.2792951762676239
0.29777792096138
0.33543896675109863
0.6326375007629395
0.2290223091840744
0.20956553518772125
0.12593789398670197
0.34173253178596497
0.30010950565338135
0.15022407472133636
0.2723623514175415
0.3214517831802368
0.20389272272586823
0.2350560426712036
0.17758938670158386
0.5365495681762695
0.22416886687278748
0.33522456884384155
0.19078150391578674
0.36407315731048584
0.33514904975891113
0.5112252831459045
0.369526207447052
0.3849928379058838
0.18579235672950745
0.5716686248779297
0.18459102511405945
0.2281637340784073
0.22394372522830963
0.2131987363100052
0.38327842950820923
0.4002634286880493
0.1904408037662506
0.4038583040237427
0.3817223608493805
0.20830141007900238
0.18898145854473114
0.16789355874061584
0.20797570049762726
0.4905540347099304
0.2427741140127182
0.21914692223072052
0.3382253050804138
0.2286117970943451
0.3963553011417389
0.18796612322330475
0.39617234468460083
0.3566567003726959
0.2087187021970749
0.5448216199874878
0.4208231568336487
0.5153828859329224
0.520939290523529
0.44072890281677246
0.19555141031742096
0.33552664518356323
0.21196982264518738
0.17634376883506775
0.1817249059677124
0.4334060549736023
0.2389201819896698
0.37646543979644775
0.223948672413826
0.2376820147037506
0.22302886843681335
0.23193344473838806
0.33723586797714233
0.16908955574035645
0.3310835063457489
0.359093576669693
0.29732275009155273
0.40819811820983887
0.24961033463478088
0.24410279095172882
0.18749848008155823
0.24755515158176422
0.233963742852211
0.46735522150993347
0.1418139487504959
0.15628981590270996
0.1694341003894806
0.41279810667037964
0.1716897338628769
0.21230918169021606
0.42081916332244873
0.22081992030143738
0.18937404453754425
0.3294178545475006
0.2100876271724701
0.5010857582092285
0.19794060289859772
0.39665329456329346
0.27566584944725037
0.4303836226463318
0.4172377288341522
0.4059155583381653
0.38271698355674744
0.44969871640205383
0.19148437678813934
0.18936815857887268
0.3191641569137573
0.3822559416294098
0.5112645626068115
0.4098837673664093
0.5042084455490112
0.7616046667098999
0.2023623138666153
0.48149651288986206
0.16473934054374695
0.3944242000579834
0.30474990606307983
0.2294294685125351
0.24468713998794556
0.2926049530506134
0.22449557483196259
0.7635778188705444
0.5455976724624634
0.38990992307662964
0.4461619257926941
0.48211053013801575
0.22982282936573029
0.2977333664894104
0.35852527618408203
0.502813994884491
0.4347873330116272
0.4475020170211792
0.309757262468338
0.18249927461147308
0.3004396855831146
0.3041875958442688
0.3295220136642456
0.33881568908691406
0.5032615661621094
0.7548741102218628
0.31758931279182434
0.34366267919540405
0.12059930711984634
0.2753879129886627
0.2067861109972
0.20266243815422058
0.27038300037384033
0.2805646061897278
0.3038393557071686
0.30902400612831116
0.19432666897773743
0.5460034608840942
0.4552339017391205
0.3515375852584839
0.3527657389640808
0.31314677000045776
0.30695486068725586
0.5022527575492859
0.12805891036987305
0.27950870990753174
0.2129504233598709
0.3382757306098938
0.19925226271152496
0.3684924840927124
0.2538045644760132
0.15475532412528992
0.18307477235794067
0.26092034578323364
0.19809365272521973
0.33213964104652405
0.19976937770843506
0.16888275742530823
0.20260150730609894
0.3747718334197998
0.3910853862762451
0.2121298462152481
0.44815078377723694
0.5303891897201538
0.36726802587509155
0.20792196691036224
0.43868428468704224
0.6761674880981445
0.32928359508514404
0.28601160645484924
0.16981640458106995
0.29629743099212646
0.3982142210006714
0.38712170720100403
0.1789417266845703
0.32101190090179443
0.2445186972618103
0.5327763557434082
0.17084959149360657
0.18468154966831207
0.18790659308433533
0.44631123542785645
0.2507474422454834
0.2746773362159729
0.35148128867149353
0.3953463137149811
0.19677409529685974
0.6081681251525879
0.26592016220092773
0.31769269704818726
0.29061150550842285
0.2858915627002716
0.1638207733631134
0.2789219617843628
0.26180005073547363
0.389445960521698
0.13798309862613678
0.20757447183132172
0.34476393461227417
0.3194868266582489
0.1251169592142105
0.2570939362049103
0.21009407937526703
0.33650001883506775
0.2298225611448288
0.35659059882164
0.2502041161060333
0.3091694116592407
0.1675201952457428
0.3548314869403839
0.312741756439209
0.2670912444591522
0.25956863164901733
0.31408658623695374
0.2932380437850952
0.23654583096504211
0.21473754942417145
0.10382546484470367
0.3710765838623047
0.5980898141860962
0.181448295712471
0.3608914017677307
0.4062677025794983
0.2898505926132202
0.3412706255912781
0.31428390741348267
0.23175048828125
0.18306365609169006
0.18619048595428467
0.21980032324790955
0.24701441824436188
0.5410076379776001
0.20196017622947693
0.5317732095718384
0.5018044114112854
0.5031660795211792
0.5058697462081909
0.4539279043674469
0.5794674158096313
0.5438152551651001
0.540730893611908
0.6664648652076721
0.24636361002922058
0.220950648188591
