0.16599874198436737
0.3616914451122284
0.3132878541946411
0.5437822937965393
0.4673416018486023
0.6573575735092163
0.33194005489349365
0.5515445470809937
0.6094588041305542
0.7689352035522461
0.6353695392608643
0.8633884191513062
0.653390645980835
0.20001442730426788
0.6810891628265381
0.6648346185684204
0.305326908826828
0.2685713768005371
0.6253485679626465
0.19392716884613037
0.3924781084060669
0.6991387605667114
0.47140178084373474
0.5034734606742859
0.21820996701717377
0.33167099952697754
0.2909841537475586
0.19921451807022095
0.241612046957016
0.3924890160560608
0.2481655329465866
0.35527104139328003
0.3120739758014679
0.29144835472106934
0.34492605924606323
0.33175933361053467
0.2031598836183548
0.6530324220657349
0.36170148849487305
0.23502808809280396
0.4762045443058014
0.18910691142082214
0.5990251302719116
0.6880491971969604
0.7815972566604614
0.7141841650009155
0.8289933204650879
0.7961912751197815
0.26874127984046936
0.24602527916431427
0.5607867240905762
0.8035037517547607
0.6250563859939575
0.5110074877738953
0.22931112349033356
0.6217687129974365
0.991729736328125
0.9276382923126221
0.9477429389953613
0.9884244203567505
0.45216724276542664
0.21363796293735504
0.8434319496154785
0.9648675918579102
0.5639128684997559
0.7691453099250793
0.21814988553524017
0.5719417333602905
0.6208086013793945
0.31373050808906555
0.07429541647434235
0.6338497400283813
0.6560454368591309
0.6513321399688721
0.6387488842010498
0.7961015701293945
0.42613303661346436
0.44569462537765503
0.3767922520637512
0.20826169848442078
0.8438246250152588
0.9487673044204712
0.7818044424057007
0.9860365390777588
0.9402296543121338
0.9059787392616272
0.2222888469696045
0.9786098003387451
0.5562715530395508
0.4288691282272339
0.6090511083602905
0.4221743941307068
0.5466697216033936
0.4996292293071747
0.17562901973724365
0.6328771114349365
0.40611881017684937
0.6353452205657959
0.5594241619110107
0.7022817730903625
0.8443491458892822
0.6611988544464111
0.18838684260845184
0.557549238204956
0.4548591375350952
0.35185110569000244
0.49321767687797546
0.3355213403701782
0.19831345975399017
0.6083758473396301
0.3945830762386322
0.21599486470222473
0.20253415405750275
0.5399445295333862
0.5279864072799683
0.6888440847396851
0.4162676930427551
0.4164637327194214
0.3179652988910675
0.5399442911148071
0.9029366374015808
0.8084192872047424
0.9029366374015808
0.13396361470222473
0.8774221539497375
0.9117600917816162
0.8774221539497375
0.8774221539497375
0.1466938853263855
0.7349632978439331
0.5815538167953491
0.7046170234680176
0.7210359573364258
0.8609591722488403
0.52875816822052
0.6821339130401611
0.6271904706954956
0.8997325897216797
0.7203161716461182
0.20082277059555054
0.5392074584960938
0.6585869789123535
0.5791176557540894
0.5854082703590393
0.3906925618648529
0.7247604131698608
0.14586950838565826
0.4805945158004761
0.37002840638160706
0.7471709251403809
0.5972158908843994
0.6871966123580933
0.36994922161102295
0.43815121054649353
0.46490398049354553
0.7524962425231934
0.41674309968948364
0.5314205884933472
0.18694500625133514
0.4364689290523529
0.214509516954422
0.44100695848464966
0.5548547506332397
0.5176276564598083
0.4170941710472107
0.5183197259902954
0.6141807436943054
0.7887624502182007
0.7284383773803711
0.4275294542312622
0.5597511529922485
0.6754631400108337
0.2105807363986969
0.7752346992492676
0.7396970987319946
0.7724708318710327
0.8187721967697144
0.6875180602073669
0.6777883172035217
0.39640602469444275
0.6382632851600647
0.7642302513122559
0.4737686216831207
0.8333920836448669
0.5187414884567261
0.21537131071090698
0.6243176460266113
0.7359514236450195
0.6388576030731201
0.6701610684394836
0.5641279816627502
0.6268094778060913
0.22900807857513428
0.6568703055381775
0.6588976383209229
0.6052606105804443
0.5977149605751038
0.9043838381767273
0.5617002248764038
0.5440860390663147
0.6135317087173462
0.5930440425872803
0.5328219532966614
0.4498007297515869
0.30495530366897583
0.6817212700843811
0.5331443548202515
0.686175525188446
0.41270312666893005
0.5583912134170532
0.24869710206985474
0.37497860193252563
0.3353724181652069
0.2564311623573303
0.260301411151886
0.20347341895103455
0.13631272315979004
0.9591107368469238
0.6475061178207397
0.5603384971618652
0.8348828554153442
0.742989182472229
0.5603384971618652
0.6601958274841309
0.6057040691375732
0.18994151055812836
0.696144163608551
0.8609123229980469
0.49001139402389526
0.5932337641716003
0.7938485145568848
0.6344095468521118
0.5449786186218262
0.836534857749939
0.7235974073410034
0.7315017580986023
0.5617235898971558
0.26210618019104004
0.5932784080505371
0.6556234359741211
0.48519033193588257
0.9012227058410645
0.18405386805534363
0.6681127548217773
0.4956829249858856
0.6337999701499939
0.7777194976806641
0.634286105632782
0.20759430527687073
0.3098357319831848
0.36188584566116333
0.4782787263393402
0.23972897231578827
0.13528791069984436
0.33301466703414917
0.27445101737976074
0.21291890740394592
0.7796502113342285
0.4102819561958313
0.3947714567184448
0.22191311419010162
0.1857205033302307
0.3216860294342041
0.2621613144874573
0.6129933595657349
0.5036706924438477
0.55298912525177
0.3559034466743469
0.510882556438446
0.47479531168937683
0.18483717739582062
0.4203876256942749
0.2224487066268921
0.7967259883880615
0.3447803556919098
0.42503684759140015
0.12224552780389786
0.4252484440803528
0.426288902759552
0.5763207674026489
0.693304181098938
0.2082488089799881
0.588391125202179
0.5953774452209473
0.5878665447235107
0.5955468416213989
0.5122540593147278
0.8097609281539917
0.6023615598678589
0.5269379615783691
0.19284044206142426
0.450815349817276
0.4253128468990326
0.5829946994781494
0.49502554535865784
0.7694597244262695
0.8971892595291138
0.7261890172958374
0.7547069787979126
0.8499194383621216
0.8746883869171143
0.674822986125946
0.18883904814720154
0.7859028577804565
0.5546693801879883
0.1943676769733429
0.6057974100112915
0.48787304759025574
0.7845889329910278
0.8242471218109131
0.46522030234336853
0.4911516010761261
0.6119109988212585
0.7904455661773682
0.43715304136276245
0.3453267216682434
0.41486144065856934
0.4241865873336792
0.21467316150665283
0.4582367241382599
0.19728949666023254
0.7411812543869019
0.21368783712387085
0.8077006340026855
0.6898608803749084
0.6950814723968506
0.7359750270843506
0.44942566752433777
0.9165107011795044
0.977797269821167
0.8747233152389526
0.9011159539222717
0.8827219009399414
0.32933473587036133
0.863649845123291
0.7749050855636597
0.48200860619544983
0.20289842784404755
0.28627896308898926
0.6057363748550415
0.22751137614250183
0.39636239409446716
0.4617592990398407
0.4163637161254883
0.8284419775009155
0.9106826782226562
0.7129000425338745
0.8474494218826294
0.21095386147499084
0.8166180849075317
0.7483468055725098
0.842182993888855
0.6129552125930786
0.4605129361152649
0.5426427125930786
0.5976086258888245
0.19808277487754822
0.666073739528656
0.5443153381347656
0.6116974949836731
0.21421696245670319
0.32551348209381104
0.5225619673728943
0.4801058769226074
0.3528236448764801
0.18260394036769867
0.4703928530216217
0.47414204478263855
0.3098238408565521
0.8599439859390259
0.24123188853263855
0.1959993541240692
0.3563659191131592
0.28228169679641724
0.35697588324546814
0.32678160071372986
0.7407693862915039
0.8465327024459839
0.7316662073135376
0.7303963899612427
0.9026410579681396
0.7048525810241699
0.12181954830884933
0.7555371522903442
0.45040518045425415
0.4487122595310211
0.6429617404937744
0.4666675925254822
0.4772631824016571
0.5300496220588684
0.13011537492275238
0.868146538734436
0.2548789381980896
0.27810999751091003
0.3696911931037903
0.12010571360588074
0.3341512978076935
0.47742581367492676
0.19950436055660248
0.19051764905452728
0.7300883531570435
0.7366279363632202
0.7546117901802063
0.5876444578170776
0.8140177130699158
0.1293323040008545
0.6585298180580139
0.9522116184234619
0.6520988941192627
0.22746004164218903
0.476400226354599
0.649233341217041
0.5809907913208008
0.656407356262207
0.6503111124038696
0.8642333745956421
0.3908044099807739
0.792547881603241
0.22230027616024017
0.765112578868866
0.7352439165115356
0.5386236310005188
0.6476551294326782
0.7733083963394165
0.6720443964004517
0.695087194442749
0.683449387550354
0.20527809858322144
0.5639793276786804
0.8185287714004517
0.6169124841690063
0.6366675496101379
0.7607957720756531
0.5897380113601685
0.7452996969223022
0.6815791130065918
0.8179043531417847
0.8538476228713989
0.826032280921936
0.203513503074646
0.6745929718017578
0.4737101197242737
0.7341762781143188
0.7213637828826904
0.17782731354236603
0.8444392085075378
0.7080070972442627
0.6352181434631348
0.5010161399841309
0.7993029356002808
0.8294942378997803
0.7358261346817017
0.7393531799316406
0.5370067358016968
0.11108487844467163
0.6947470903396606
0.4695373773574829
0.5670621991157532
0.2119513750076294
0.3376818001270294
0.4189614951610565
0.22288157045841217
0.38435453176498413
0.3545718491077423
0.4544532597064972
0.600106418132782
0.6247512698173523
0.5947335362434387
0.12178993970155716
0.6481441855430603
0.41575556993484497
0.4218275249004364
0.2032393217086792
0.7437416315078735
0.6193000078201294
0.735925555229187
0.34865695238113403
0.6450865268707275
0.6711833477020264
0.7957996129989624
0.44577014446258545
0.49623236060142517
0.4941709041595459
0.5723739862442017
0.19887012243270874
0.4937247931957245
0.5252535939216614
0.4450235962867737
0.20872482657432556
0.38570308685302734
0.21485918760299683
0.154108464717865
0.3226286470890045
0.23983031511306763
0.20037546753883362
0.33722883462905884
0.7955692410469055
0.8943020105361938
0.750449538230896
0.9452685117721558
0.2137824147939682
0.25158315896987915
0.9008533954620361
0.6752859950065613
0.29022398591041565
0.18238762021064758
0.2535809278488159
0.21791194379329681
0.19118820130825043
0.20284578204154968
0.21623361110687256
0.5919511318206787
0.20832237601280212
0.5671214461326599
0.4580981135368347
0.4797894358634949
0.4624183177947998
0.5497030019760132
0.43053510785102844
0.4305001497268677
0.20994198322296143
0.8389096260070801
0.751448392868042
0.7800258994102478
0.49724555015563965
0.6856392621994019
0.716366171836853
0.8289357423782349
0.7819826602935791
0.865904688835144
0.8988982439041138
0.8635680675506592
0.8438911437988281
0.8901676535606384
0.7858858108520508
0.20392729341983795
0.43615826964378357
0.7654088735580444
0.39571553468704224
0.41497719287872314
0.20979903638362885
0.3091597855091095
0.3211984932422638
0.3982377052307129
0.6715335845947266
0.440403550863266
0.33971232175827026
0.6799231767654419
0.557809054851532
0.48537808656692505
0.6698969602584839
0.2090262919664383
0.6195168495178223
0.4989771246910095
0.4391285181045532
0.2342771738767624
0.7026035189628601
0.5987619161605835
0.6954253911972046
0.7473806142807007
0.21474893391132355
0.6152384281158447
0.6183410882949829
0.5086045861244202
0.5072330236434937
0.6367008686065674
0.3558400869369507
0.4923102855682373
0.36281099915504456
0.4283688962459564
0.30331313610076904
0.7476556301116943
0.4263502359390259
0.27274399995803833
0.39253315329551697
0.14199304580688477
0.7718558311462402
0.9489626884460449
0.9148819446563721
0.6493338942527771
0.7322295308113098
0.7947250008583069
0.22880113124847412
0.766589879989624
0.5940676927566528
0.46303993463516235
0.5246609449386597
0.716179609298706
0.4696669578552246
0.2243548333644867
0.4786224067211151
0.36216413974761963
0.5807797908782959
0.579099178314209
0.5873852968215942
0.62038254737854
0.4607044458389282
0.4924735426902771
0.22241608798503876
0.49184656143188477
0.7049230337142944
0.781550407409668
0.7623419761657715
0.9409139156341553
0.23177221417427063
0.22284474968910217
0.7575251460075378
0.5710433721542358
0.7108052968978882
0.559239387512207
0.6806796789169312
0.700748860836029
0.5493900775909424
0.5935320854187012
0.6744388937950134
0.20962314307689667
0.23968815803527832
0.48599061369895935
0.27707022428512573
0.13381719589233398
0.32945314049720764
0.24782834947109222
0.22739535570144653
0.8538521528244019
0.6139013767242432
0.49673911929130554
0.5427647829055786
0.5259888172149658
0.49831902980804443
0.6010563373565674
0.20137666165828705
0.5749135613441467
0.8070149421691895
0.856183648109436
0.20433545112609863
0.7259268760681152
0.7256602048873901
0.836168646812439
0.7649155855178833
0.7965357899665833
0.44333988428115845
0.2088492512702942
0.5376043319702148
0.9098796844482422
0.5876286029815674
0.404660701751709
0.6850889325141907
0.3872626721858978
0.7506979703903198
0.809140682220459
0.5716655254364014
0.7354657649993896
0.7174568772315979
0.6217299699783325
0.18832433223724365
0.9168648719787598
0.3234526216983795
0.2448330819606781
0.24557086825370789
0.195653036236763
0.2432882934808731
0.26514631509780884
0.3113342821598053
0.7325118780136108
0.20255261659622192
0.2801729738712311
0.25412294268608093
0.22634325921535492
0.11958089470863342
0.679685652256012
0.4435112178325653
0.3677498698234558
0.7554531097412109
0.6652571558952332
0.3172524571418762
0.7900733947753906
0.5583077669143677
0.1920773983001709
0.3707742691040039
0.8111053705215454
0.5460750460624695
0.35441824793815613
0.8232524991035461
0.8036309480667114
0.7159107327461243
0.7410907745361328
0.21334822475910187
0.2197311818599701
0.5289263725280762
0.43137797713279724
0.6013914346694946
0.5161092877388
0.5894088745117188
0.7876557111740112
0.4846237003803253
0.21646344661712646
0.7259473204612732
0.6943066716194153
0.9022277593612671
0.7076088786125183
0.21250709891319275
0.7332040071487427
0.6452823281288147
0.9196809530258179
0.43925657868385315
0.21203731000423431
0.5679975748062134
0.7681193351745605
0.38185933232307434
0.4523603916168213
0.3675119876861572
0.5238189697265625
0.7002678513526917
0.6882148385047913
0.22057324647903442
0.8027164936065674
0.6755738854408264
0.6596544981002808
0.7064298391342163
0.6609359979629517
0.3973902761936188
0.41599464416503906
0.3628010153770447
0.5884734988212585
0.2605092227458954
0.4825078845024109
0.2632604241371155
0.2102622538805008
0.4331834614276886
0.4117346405982971
0.4617220163345337
0.6592991352081299
0.8053802251815796
0.4289049506187439
0.219927579164505
0.802444338798523
0.4527900815010071
0.7145810127258301
0.44111594557762146
0.6252179145812988
0.54877769947052
0.5438508987426758
0.45167258381843567
0.22927123308181763
0.34582772850990295
0.6001985669136047
0.37369826436042786
0.24739480018615723
0.44447779655456543
0.4152606725692749
0.47071483731269836
0.19975711405277252
0.43765944242477417
0.2228994220495224
0.21176688373088837
0.30712154507637024
0.4126894474029541
0.7531862854957581
0.34714648127555847
0.9576563835144043
0.21156206727027893
0.2317381054162979
0.32033461332321167
0.5691589117050171
0.40780746936798096
0.25034308433532715
0.25095829367637634
0.4246673583984375
0.3398855924606323
0.49697351455688477
0.2276969850063324
0.39118120074272156
0.6105892658233643
0.6375201940536499
0.46733275055885315
0.5055285096168518
0.6823586225509644
0.6864392161369324
0.20423169434070587
0.6465190649032593
0.6771411895751953
0.797404944896698
0.5950545072555542
0.534443736076355
0.5052949786186218
0.13442176580429077
0.20671311020851135
0.8203437328338623
0.5279535055160522
0.6117391586303711
0.688088595867157
0.6524672508239746
