0.2129894345998764
0.6833562850952148
0.20224356651306152
0.33670711517333984
0.211186945438385
0.2084508240222931
0.38465654850006104
0.6845356225967407
0.319612979888916
0.1977618932723999
0.3051292896270752
0.37028437852859497
0.5008870959281921
0.17990487813949585
0.2125372290611267
0.5444864630699158
0.26698625087738037
0.6507611274719238
0.22542107105255127
0.2629684507846832
0.1179068386554718
0.20897644758224487
0.20844948291778564
0.1778249889612198
0.4732373058795929
0.7792764902114868
0.18787601590156555
0.2675929069519043
0.3017943501472473
0.5637128353118896
0.20039762556552887
0.2057698369026184
0.649104654788971
0.19629205763339996
0.21294169127941132
0.796123743057251
0.20351240038871765
0.18301868438720703
0.10907479375600815
0.20116664469242096
0.6565979719161987
0.49014219641685486
0.2528713643550873
0.9144555330276489
0.19937850534915924
0.8655515909194946
0.8939052820205688
0.20960360765457153
0.1151958703994751
0.24922718107700348
0.36518916487693787
0.22238211333751678
0.2883419990539551
0.5509309768676758
0.28985631465911865
0.53249192237854
0.20264634490013123
0.24017640948295593
0.2136971801519394
0.2640222907066345
0.7537530660629272
0.8461544513702393
0.8381690979003906
0.6719185709953308
0.7161195278167725
0.24438326060771942
0.17799371480941772
0.7717822790145874
0.2047463059425354
0.26477736234664917
0.20731572806835175
0.20392616093158722
0.2153354287147522
0.19254323840141296
0.5909519195556641
0.19431310892105103
0.30809497833251953
0.7917664051055908
0.31739047169685364
0.19670049846172333
0.19778521358966827
0.6735514402389526
0.2020353227853775
0.2135215550661087
0.2090069055557251
0.20867200195789337
0.17314794659614563
0.740444540977478
0.4929501712322235
0.19349141418933868
0.20357416570186615
0.5996325016021729
0.27229008078575134
0.33758899569511414
0.4984041452407837
0.23620185256004333
0.11896280944347382
0.43286266922950745
0.12250392138957977
0.7645308971405029
0.22357730567455292
0.3414134085178375
0.20911334455013275
0.669152021408081
0.20392481982707977
0.6208169460296631
0.3348992168903351
0.21186786890029907
0.21226340532302856
0.2054346352815628
0.20455265045166016
0.6459515690803528
0.5099231600761414
0.17550331354141235
0.2820112109184265
0.5172961950302124
0.2429993450641632
0.20600058138370514
0.18069560825824738
0.25470009446144104
0.022756114602088928
0.2906075716018677
0.7055250406265259
0.2396594136953354
0.1953197568655014
0.7908271551132202
0.00034003047039732337
0.33059731125831604
0.20126353204250336
0.40346863865852356
0.20205067098140717
0.7976776361465454
0.4212390184402466
0.1182534247636795
0.1879599690437317
0.6164382696151733
0.2044791728258133
0.9048497676849365
0.2975694239139557
0.23847386240959167
0.21182554960250854
0.7222222089767456
-0.009644290432333946
0.6785160303115845
0.1954077035188675
0.22337357699871063
0.37618288397789
0.22692197561264038
0.20705875754356384
0.7474223375320435
0.30931413173675537
0.2989788353443146
0.27142229676246643
0.28943532705307007
0.2672213315963745
0.6326069235801697
0.18098658323287964
0.4540117383003235
0.20766893029212952
0.20411324501037598
0.2026725709438324
0.19209027290344238
0.2048041969537735
0.20739023387432098
0.47100916504859924
0.951058030128479
0.1951775848865509
0.9447441101074219
0.19131383299827576
0.718281626701355
0.6796594262123108
0.1901220679283142
0.0846569687128067
0.19910870492458344
0.4017066955566406
0.6942203044891357
0.17151415348052979
0.3815067410469055
0.34228241443634033
0.29718706011772156
0.241380512714386
0.5441599488258362
0.18951232731342316
0.18894916772842407
0.2086515873670578
0.20843829214572906
0.21996057033538818
0.31761404871940613
0.2088974416255951
0.37706562876701355
0.20367871224880219
0.8611781597137451
0.37382906675338745
0.20936466753482819
0.07510558515787125
0.44375282526016235
0.18480625748634338
0.09605275094509125
0.2064894735813141
0.6166768670082092
0.1800343543291092
0.18210119009017944
0.3826753497123718
0.2115563005208969
0.19020195305347443
0.4415094256401062
0.20023192465305328
0.18829354643821716
0.2170897275209427
0.2122512012720108
0.18651962280273438
0.19214771687984467
0.19724835455417633
0.18230512738227844
0.29423588514328003
0.7019882202148438
0.18047569692134857
0.18486914038658142
0.1833837628364563
0.5121139883995056
0.19044522941112518
0.22813525795936584
0.11497412621974945
0.2070622742176056
0.11702342331409454
0.7693556547164917
0.6293455362319946
0.31251469254493713
0.21287046372890472
0.5961196422576904
0.20455387234687805
0.787423849105835
0.20673514902591705
0.1186351627111435
0.20672371983528137
0.14390981197357178
0.20112089812755585
0.22443899512290955
0.37869998812675476
0.7900536060333252
0.2088659405708313
0.1872400939464569
0.20874710381031036
0.24130749702453613
0.19844576716423035
0.7749878168106079
0.32610470056533813
0.4171396493911743
0.7170777320861816
0.2237744778394699
0.18523730337619781
0.19923175871372223
0.23396867513656616
0.19708529114723206
0.2031286507844925
0.5994689464569092
0.21154922246932983
0.1927892565727234
0.031704459339380264
0.5546160936355591
0.45894524455070496
0.6387244462966919
0.20576471090316772
0.20515915751457214
0.21163257956504822
0.2091611623764038
0.20293010771274567
0.20272186398506165
0.4356166124343872
0.6466106176376343
0.028590871021151543
0.23537281155586243
0.20242707431316376
0.7114155292510986
0.24364903569221497
0.2577807903289795
0.16723564267158508
0.4863658845424652
0.33321893215179443
0.22414375841617584
0.23681020736694336
0.20323482155799866
0.21062855422496796
0.1989491879940033
0.20979519188404083
0.7545976638793945
0.8111573457717896
0.8356227874755859
0.19496528804302216
0.1998235583305359
0.19688630104064941
0.5954586267471313
0.19947126507759094
0.18427616357803345
0.19893860816955566
0.2068166732788086
0.23741421103477478
0.19033335149288177
0.20782044529914856
0.4625761806964874
0.5835704803466797
0.9417322278022766
0.36526545882225037
0.1971539407968521
0.8254269361495972
0.8172701597213745
0.20704713463783264
0.6677545309066772
0.6617089509963989
0.2361605018377304
0.32299289107322693
0.1970629245042801
0.18958896398544312
0.7210814952850342
0.33693474531173706
0.2087717056274414
0.21350868046283722
0.1793961524963379
0.19748713076114655
0.7602962851524353
0.21776467561721802
0.5519719123840332
0.4750015437602997
0.2971867024898529
0.17917591333389282
0.1981360763311386
0.4139508306980133
0.31697291135787964
0.5408824682235718
0.6436647772789001
0.20399929583072662
0.7535743713378906
0.18682214617729187
0.18613719940185547
0.11259788274765015
0.24708710610866547
0.7845445871353149
0.20813865959644318
0.19588443636894226
0.6538376808166504
0.22277842462062836
0.7056059837341309
0.19774854183197021
0.19492988288402557
0.32846349477767944
0.199996680021286
0.20446540415287018
0.6333299279212952
0.26198530197143555
0.11299888789653778
0.181583434343338
0.2027173787355423
0.1100618839263916
0.7639635801315308
0.4951207935810089
0.2044290006160736
0.1217912957072258
0.7955323457717896
0.35305747389793396
0.1930590569972992
0.18096357583999634
0.548801064491272
0.19828329980373383
0.7214089632034302
0.1915159523487091
0.21178992092609406
0.2602713704109192
0.20716117322444916
0.3210737407207489
0.43289560079574585
0.28905192017555237
0.2009255588054657
0.17085179686546326
0.6536943912506104
0.18291136622428894
0.1823161542415619
0.316652774810791
0.4381069839000702
0.1984671950340271
0.17247864603996277
0.2088163048028946
0.2032431662082672
0.17398203909397125
0.5798274278640747
0.18735606968402863
0.201398566365242
0.21928922832012177
0.23545260727405548
0.166366308927536
0.6541410684585571
0.21695448458194733
0.26191946864128113
0.1959596425294876
0.49959102272987366
0.22143127024173737
0.5398815870285034
0.2496906816959381
0.21057231724262238
0.2153668999671936
0.5141586065292358
0.2779671251773834
0.19579492509365082
0.18632283806800842
0.23783168196678162
0.18267609179019928
0.5652368068695068
0.19797924160957336
0.18707327544689178
-0.0005589643260464072
0.2024732083082199
0.2747988700866699
0.44682320952415466
0.2093874216079712
0.19083692133426666
0.18900085985660553
0.1981261670589447
0.20720817148685455
0.2107735574245453
0.19680027663707733
0.44747474789619446
0.1087958812713623
0.4808991551399231
0.14410540461540222
0.2223670929670334
0.2723548114299774
0.2082858383655548
0.45118576288223267
0.19301295280456543
0.19387300312519073
0.6810492873191833
0.19276797771453857
0.1968107670545578
0.19289903342723846
0.22109359502792358
0.1740049421787262
0.36296385526657104
0.4460658133029938
0.8421114087104797
0.2125655561685562
0.19977967441082
0.21785292029380798
0.1862798035144806
0.31481871008872986
0.7460784912109375
0.37116265296936035
0.20109212398529053
0.20514483749866486
0.17534306645393372
0.33588698506355286
0.8179816007614136
0.18035835027694702
0.18595626950263977
0.2818606197834015
0.20562852919101715
0.17838427424430847
0.4868091940879822
0.11959988623857498
0.8397636413574219
0.18674126267433167
0.2213808000087738
0.625845193862915
0.20073430240154266
0.1139039695262909
0.1913735419511795
0.21925440430641174
0.5193057060241699
0.21649512648582458
0.47651928663253784
0.20739968121051788
0.6841541528701782
0.21255695819854736
0.21387484669685364
0.19068510830402374
0.19222261011600494
0.18542832136154175
0.8146826028823853
0.24595865607261658
0.11727315932512283
0.22241783142089844
0.5010344386100769
0.20500227808952332
0.20794053375720978
0.1979542225599289
0.493137001991272
0.33101731538772583
0.5615887641906738
0.19625401496887207
0.21243010461330414
0.25006306171417236
0.6437661051750183
0.17943572998046875
0.11731405556201935
0.19493678212165833
0.2248046100139618
0.20056334137916565
0.5460834503173828
0.2199878990650177
0.20800235867500305
0.20729045569896698
0.20876595377922058
0.1950933039188385
0.43951737880706787
0.28311818838119507
0.22360603511333466
0.19955582916736603
0.8569444417953491
0.0512075200676918
0.526222825050354
0.35438644886016846
0.20844334363937378
0.12793533504009247
0.22063255310058594
0.33303821086883545
0.2518196702003479
0.9452978372573853
0.8900697231292725
0.47126510739326477
0.1851903796195984
0.11833155900239944
0.20598165690898895
0.21674486994743347
0.5704631805419922
0.4179914593696594
0.20481377840042114
0.408115953207016
0.6182748079299927
0.20482054352760315
0.19986508786678314
0.20093008875846863
0.20823350548744202
0.20300725102424622
0.6938436627388
0.3788745701313019
0.2073245793581009
0.24029378592967987
0.397135853767395
0.6675066947937012
0.21077650785446167
0.20749635994434357
0.2013477385044098
0.2853354215621948
0.4212019145488739
0.12277917563915253
0.20804063975811005
0.2004213035106659
0.17686665058135986
0.11876614391803741
0.5205464363098145
0.2701375484466553
0.2123020440340042
0.2063690423965454
0.7561557292938232
0.17697730660438538
0.36304062604904175
0.4447901248931885
0.11651145666837692
0.1250513792037964
0.07702559977769852
0.1992129534482956
0.6324087381362915
0.1892431676387787
0.20458932220935822
0.34183597564697266
0.37710466980934143
0.18756337463855743
0.2166893184185028
0.24258650839328766
0.4717971384525299
0.20259636640548706
0.23354168236255646
0.11596252024173737
0.6553798317909241
0.11569063365459442
0.19630971550941467
0.20506839454174042
0.21389339864253998
0.19468528032302856
0.7384596467018127
0.1963590681552887
0.2044512778520584
0.20468269288539886
0.23349504172801971
0.3510720133781433
0.8763611316680908
0.12508133053779602
0.23528587818145752
0.381729394197464
0.6902468800544739
0.19018901884555817
0.8023730516433716
0.28099820017814636
0.22376012802124023
0.1708201915025711
0.0999303013086319
