0.1882457733154297
0.19760346412658691
0.197874516248703
0.20266315340995789
0.16726987063884735
0.426596999168396
0.21789848804473877
0.346422404050827
0.15267226099967957
0.1695174276828766
0.1645791083574295
0.20086850225925446
0.27862024307250977
0.3316226005554199
0.1647045910358429
0.24581407010555267
0.34280604124069214
0.3781003952026367
0.2414352148771286
0.4341251850128174
0.3571512997150421
0.17133185267448425
0.24847561120986938
0.23406058549880981
0.17357072234153748
0.2818772792816162
0.29502955079078674
0.4247107207775116
0.2911820709705353
0.2546200752258301
0.25992467999458313
0.1591888666152954
0.25189024209976196
0.4327051639556885
0.21607528626918793
0.29505112767219543
0.2776066064834595
0.7173075675964355
0.43188968300819397
0.23485051095485687
0.18378186225891113
0.4052097797393799
0.2170926183462143
0.47975197434425354
0.337848424911499
0.5148105025291443
0.2058815062046051
0.2169475108385086
0.19446660578250885
0.2878298759460449
0.2040272057056427
0.28969135880470276
0.1928614228963852
0.6750667095184326
0.2586705684661865
0.43909573554992676
0.2549663186073303
0.27121424674987793
0.16569343209266663
0.30759328603744507
0.5655137300491333
0.6204570531845093
0.7369012832641602
0.2462407499551773
0.6407210230827332
0.8478926420211792
0.2772183418273926
0.3275737166404724
0.2818760275840759
0.16035401821136475
0.2982400357723236
0.3678680658340454
0.15761202573776245
0.2131182700395584
0.32420215010643005
0.24679917097091675
0.18350522220134735
0.6477673649787903
0.2939671277999878
0.2399294674396515
0.20412306487560272
0.25632503628730774
0.24883714318275452
0.16925732791423798
0.2763822376728058
0.37525734305381775
0.36156487464904785
0.3944483697414398
0.4580158293247223
0.17692242562770844
0.22074396908283234
0.4989967346191406
0.3016003668308258
0.22470486164093018
0.19454659521579742
0.22500079870224
0.38738206028938293
0.5041677951812744
0.18511193990707397
0.16542622447013855
0.17365480959415436
0.22308334708213806
0.18884558975696564
0.23063337802886963
0.22035327553749084
0.5614376068115234
0.21111521124839783
0.22100725769996643
0.3852957487106323
0.5437474250793457
0.1899108737707138
0.19526590406894684
0.202030211687088
0.83769690990448
0.31585192680358887
0.22449781000614166
0.3819827437400818
0.31834810972213745
0.16194741427898407
0.5156569480895996
0.37571197748184204
0.3291636109352112
0.34628987312316895
0.4819778800010681
0.1713773012161255
0.42178598046302795
0.2909068465232849
0.2141307145357132
0.21640726923942566
0.34463855624198914
0.38593941926956177
0.19347508251667023
0.2883618474006653
0.42747342586517334
0.2007555514574051
0.6648303866386414
0.10509447753429413
0.5229489207267761
0.16189685463905334
0.3209083676338196
0.2339402288198471
0.19961830973625183
0.15219011902809143
0.1970115751028061
0.6329488754272461
0.126167431473732
0.29483562707901
0.8165007829666138
0.38380980491638184
0.3592047095298767
0.28157341480255127
0.7089349031448364
0.49281933903694153
0.3470156490802765
0.2788468599319458
0.2012087106704712
0.19590485095977783
0.3691883087158203
0.20681753754615784
0.33571380376815796
0.40111231803894043
0.16756907105445862
0.12165507674217224
0.5230699181556702
0.4472033381462097
0.4341229200363159
0.22323188185691833
0.2978581190109253
0.21450088918209076
0.09979365020990372
0.36849647760391235
0.4611036479473114
0.22316338121891022
0.33130061626434326
0.4216364026069641
0.31842726469039917
0.30491235852241516
0.22822795808315277
0.2874212861061096
0.6376945972442627
0.3417331576347351
0.2620069086551666
0.10922472178936005
0.4792306423187256
0.3270949721336365
0.5467044115066528
0.12073332816362381
0.19887062907218933
0.2047569304704666
0.9263710975646973
0.22914685308933258
0.338887095451355
0.22529417276382446
0.29142844676971436
0.1967233121395111
0.4073934257030487
0.331512987613678
0.18450748920440674
0.20878072082996368
0.19164833426475525
0.21520119905471802
0.17725726962089539
0.30115026235580444
0.3310813903808594
0.43474602699279785
0.19083110988140106
0.19909067451953888
0.22129219770431519
0.16613034904003143
0.48770672082901
0.19195105135440826
0.46197569370269775
0.3287704288959503
0.3290884494781494
0.3256675601005554
0.35764580965042114
0.1605597287416458
0.2611214220523834
0.24877077341079712
0.3175179362297058
0.20310565829277039
0.20046423375606537
0.17036224901676178
0.5798140168190002
0.3560214638710022
0.30245548486709595
0.37381014227867126
0.17649224400520325
0.22470209002494812
0.16922563314437866
0.26316696405410767
0.5102858543395996
0.2841808497905731
0.16927698254585266
0.3606283664703369
0.5817158222198486
0.31814444065093994
0.3681034445762634
0.2162931263446808
0.16860994696617126
0.21180206537246704
0.17622974514961243
0.3979969918727875
0.43637901544570923
0.20282544195652008
0.5288662910461426
0.12829236686229706
0.30917325615882874
0.2302396148443222
0.3559828996658325
0.3300817012786865
0.4396616816520691
0.25654006004333496
0.38813507556915283
0.2847649157047272
0.1738235503435135
0.3606884181499481
0.34571266174316406
0.38542497158050537
0.371643602848053
0.37116074562072754
0.3987092971801758
0.18612787127494812
0.5665189027786255
0.32058560848236084
0.4592154026031494
0.3345484435558319
0.15625843405723572
0.3251088857650757
0.28694960474967957
0.2071572095155716
0.3955782651901245
0.23117302358150482
0.28204861283302307
0.27428776025772095
0.16792228817939758
0.2041315734386444
0.18630944192409515
0.21479462087154388
0.19650503993034363
0.16465452313423157
0.5332857370376587
0.11021767556667328
0.35360610485076904
0.2732583284378052
0.4494780898094177
0.247365340590477
0.423709511756897
0.22128413617610931
0.48336297273635864
0.15867853164672852
0.2447180598974228
0.17669357359409332
0.19254249334335327
0.1775941103696823
0.5689641833305359
0.319900780916214
0.161390483379364
0.20632939040660858
0.3008190393447876
0.29756081104278564
0.2244943380355835
0.34947577118873596
0.4621885418891907
0.32732340693473816
0.44799724221229553
0.4827022850513458
0.27183467149734497
0.2878268361091614
0.3450566828250885
0.2228567898273468
0.19013920426368713
0.1929861605167389
0.1553945243358612
0.2631692588329315
0.36952444911003113
0.2946360111236572
0.4798036217689514
0.19288235902786255
0.33477047085762024
0.39351874589920044
0.44643425941467285
0.37368983030319214
0.5791245698928833
0.3566129803657532
0.36302345991134644
0.16323375701904297
0.6290090084075928
0.42955082654953003
0.1940670907497406
0.1728363335132599
0.426362544298172
0.23728935420513153
0.38456088304519653
0.4056284427642822
0.30355045199394226
0.28632158041000366
0.540098249912262
0.20591185986995697
0.1886434555053711
0.2468527853488922
0.3407614827156067
0.19914177060127258
0.2507892847061157
0.16847513616085052
0.36361926794052124
0.2547023296356201
0.24508793652057648
0.19625212252140045
0.36586248874664307
0.23889672756195068
0.22679181396961212
0.1902940571308136
0.41043490171432495
0.4069978594779968
0.39619243144989014
0.45102572441101074
0.5418222546577454
0.38764655590057373
0.19863155484199524
0.16820649802684784
0.44864344596862793
0.32990071177482605
0.2270953506231308
0.2784845232963562
0.49134939908981323
0.18339644372463226
0.2488420009613037
0.1832759976387024
0.5229537487030029
0.22830945253372192
0.23509320616722107
0.3306125998497009
0.4455215334892273
0.15748785436153412
0.33172035217285156
0.206538587808609
0.31918492913246155
0.345497727394104
0.31605827808380127
0.1906142383813858
0.3518984615802765
0.16656653583049774
0.20722447335720062
0.2758715748786926
0.16038590669631958
0.21707846224308014
0.4648630619049072
0.36469554901123047
0.3299720585346222
0.3815777897834778
0.17739510536193848
0.3386675715446472
0.5514261722564697
0.5086485147476196
0.690687894821167
0.3162723481655121
0.2577055096626282
0.18234983086585999
0.1323723942041397
0.30149269104003906
0.2024979293346405
0.2031145691871643
0.3117246627807617
0.19887444376945496
0.38676711916923523
0.1644306480884552
0.4604787230491638
0.39739561080932617
0.17275425791740417
0.37820500135421753
0.23311997950077057
0.23488259315490723
0.4817957282066345
0.3787878453731537
0.4609595835208893
0.32129916548728943
0.17008042335510254
0.32067880034446716
0.3846052289009094
0.3142451345920563
0.162650465965271
0.19075608253479004
0.18877384066581726
0.19947856664657593
0.5872503519058228
0.18196943402290344
0.4167577028274536
0.40396440029144287
0.7605272531509399
0.19457592070102692
0.4224882125854492
0.3510010540485382
0.3917584717273712
0.10310019552707672
0.28805011510849
0.37948960065841675
0.2788041830062866
0.1778668612241745
0.23570802807807922
0.3429163098335266
0.40064072608947754
0.18417493999004364
0.2616850733757019
0.4337253272533417
0.6339146494865417
0.41967859864234924
0.3255159258842468
0.4746890664100647
0.1876905858516693
0.16629330813884735
0.31821537017822266
0.3700622022151947
0.2787131667137146
0.3726046085357666
0.47230029106140137
0.4903949499130249
0.19875505566596985
0.4059002995491028
0.53165203332901
0.17746031284332275
0.29683858156204224
0.21482080221176147
0.7468812465667725
0.2806432843208313
0.3440503180027008
0.28393420577049255
0.20611189305782318
0.23957644402980804
0.15541255474090576
0.2993946671485901
0.34585511684417725
0.3014349639415741
0.2525221109390259
0.4676463007926941
0.3654100298881531
0.566609263420105
0.3476387858390808
0.2088291496038437
0.7167619466781616
0.1898261457681656
0.2686755657196045
0.2818160653114319
0.6614221334457397
0.2224649339914322
0.3540741205215454
0.4000370502471924
0.29112672805786133
0.1745333969593048
0.5061138868331909
0.2863054871559143
0.18839344382286072
0.15608932077884674
0.5283358693122864
0.09619805216789246
0.1536485254764557
0.20769919455051422
0.3299504816532135
0.24545331299304962
0.23492729663848877
0.16096433997154236
0.17606833577156067
0.2804335355758667
0.25320833921432495
0.1746666431427002
0.3807060122489929
0.32301443815231323
0.4220925569534302
0.2860591411590576
0.4233779311180115
0.22442013025283813
0.6638367176055908
0.17658668756484985
0.37352901697158813
0.3072353005409241
0.4498237669467926
0.15495318174362183
0.31227177381515503
0.23170486092567444
0.3542950749397278
0.31533902883529663
0.29172050952911377
0.3932795524597168
0.6474106311798096
0.43101584911346436
0.18222200870513916
0.33809947967529297
0.3991459608078003
0.14425845444202423
0.5868555307388306
0.3561824858188629
0.16395960748195648
0.15521708130836487
0.32351386547088623
0.3209887444972992
0.6083509922027588
0.19293317198753357
0.31496191024780273
0.1593562662601471
0.2573271691799164
0.2465362846851349
0.20986007153987885
0.27006447315216064
0.20954357087612152
0.17081508040428162
0.36939114332199097
0.17724525928497314
0.6744745969772339
0.29528772830963135
0.35693979263305664
0.36716428399086
0.2739199995994568
0.20165660977363586
0.2097848504781723
0.2914653420448303
0.4082205295562744
0.20284314453601837
0.6453766822814941
0.3052480220794678
0.3387255370616913
0.16187787055969238
0.28429314494132996
0.3832371234893799
0.4409914016723633
0.19699431955814362
0.538271963596344
0.20098111033439636
0.4607328772544861
0.185699462890625
0.1989290863275528
0.3115184009075165
0.3280658423900604
0.3257337808609009
0.16943956911563873
0.20537328720092773
0.21198001503944397
0.3515021502971649
0.17966963350772858
0.39432698488235474
0.22741952538490295
0.3078020215034485
0.5111008286476135
0.3631967008113861
0.705832839012146
0.497313529253006
0.5579286217689514
0.1687399297952652
0.368832528591156
0.19982296228408813
0.3858722448348999
0.346769243478775
0.18972019851207733
0.7243856191635132
0.7682890892028809
