0.23600438237190247
0.20760437846183777
0.19684891402721405
0.21857716143131256
0.2258291393518448
0.18591369688510895
0.2999681532382965
0.3251507580280304
0.2992032766342163
0.2989562153816223
0.17686589062213898
0.2851434051990509
0.3007725775241852
0.34940046072006226
0.31684526801109314
0.32833534479141235
0.18205733597278595
0.32054394483566284
0.2386922389268875
0.2799888849258423
0.28099527955055237
0.20879483222961426
0.23918436467647552
0.16677799820899963
0.33545082807540894
0.33133745193481445
0.3233538269996643
0.17091189324855804
0.2809057831764221
0.3054558038711548
0.2929656505584717
0.29491037130355835
0.1714959591627121
0.34529364109039307
0.25890791416168213
0.2587815523147583
0.44833746552467346
0.21897900104522705
0.22821643948554993
0.3117712736129761
0.19861729443073273
0.21363382041454315
0.1905909925699234
0.2678854465484619
0.22011440992355347
0.24461591243743896
0.26199331879615784
0.21433235704898834
0.2561028003692627
0.2918356955051422
0.18296609818935394
0.2854439616203308
0.27378612756729126
0.21129758656024933
0.266859769821167
0.1990874856710434
0.24993476271629333
0.20191942155361176
0.2549426257610321
0.1699630469083786
0.32498258352279663
0.17549051344394684
0.23215842247009277
0.377968430519104
0.3882019817829132
0.3596757650375366
0.2960819602012634
0.3029645085334778
0.28308406472206116
0.30756646394729614
0.16697561740875244
0.31275123357772827
0.30609187483787537
0.26775991916656494
0.25638315081596375
0.2267903983592987
0.17770332098007202
0.287350058555603
0.23930639028549194
0.23906734585762024
0.17124751210212708
0.23611371219158173
0.2876911759376526
0.2167588472366333
0.24305306375026703
0.2520560622215271
0.09452857077121735
0.22042109072208405
0.2330949753522873
0.25602298974990845
0.26305925846099854
0.28182879090309143
0.1127578616142273
0.3140473961830139
0.3240228593349457
0.3007761240005493
0.18380644917488098
0.20166102051734924
0.20237776637077332
0.22531741857528687
0.3101404309272766
0.2749558389186859
0.19345465302467346
0.14503097534179688
0.162604421377182
0.15552210807800293
0.2523707151412964
0.15738257765769958
0.35893702507019043
0.1756652146577835
0.18452920019626617
0.20495155453681946
0.31021660566329956
0.2636806070804596
0.3118884265422821
0.2684616148471832
0.29797250032424927
0.18751807510852814
0.1652742177248001
0.30575576424598694
0.22632277011871338
0.251013845205307
0.08733164519071579
0.26713305711746216
0.2584168612957001
0.25034016370773315
0.2634122371673584
0.17348840832710266
0.3403012752532959
0.19091254472732544
0.18819406628608704
0.2336808294057846
0.21386046707630157
0.10837046802043915
0.29622378945350647
0.09346591681241989
0.26386287808418274
0.24679064750671387
0.26507824659347534
0.2327490746974945
0.1805146187543869
0.22521933913230896
0.2499353587627411
0.19961807131767273
0.2589433491230011
0.19229921698570251
0.2587476670742035
0.26856330037117004
0.23292110860347748
0.2343505173921585
0.23441731929779053
0.288146048784256
0.46957314014434814
0.2554895579814911
0.2548447251319885
0.2762521803379059
0.23231980204582214
0.22501562535762787
0.1641632318496704
0.21718370914459229
0.3045527935028076
0.22237013280391693
0.19042643904685974
0.19489255547523499
0.4072270691394806
0.2089349329471588
0.2220073938369751
0.18952305614948273
0.2740975320339203
0.34703928232192993
0.3070136606693268
0.259075790643692
0.09606876969337463
0.33427321910858154
0.18936365842819214
0.5737555027008057
0.5737555027008057
0.2914730906486511
0.3317149877548218
0.3139050006866455
0.23918657004833221
0.21714119613170624
0.18935227394104004
0.23918676376342773
0.2202077955007553
0.29308825731277466
0.3659058213233948
0.5008281469345093
0.2918725907802582
0.5344493389129639
0.10215026885271072
0.3715371787548065
0.21454603970050812
0.3868579566478729
0.21143706142902374
0.10722877085208893
0.32808154821395874
0.3764166831970215
0.2246176153421402
0.2199433594942093
0.2620852589607239
0.2612544000148773
0.171462744474411
0.22880975902080536
0.1025797575712204
0.3378896713256836
0.3296620547771454
0.37685897946357727
0.2617073357105255
0.2397066056728363
0.30836379528045654
0.25778084993362427
0.16812579333782196
0.3108662962913513
0.22080214321613312
0.2302635908126831
0.252036452293396
0.2065555453300476
0.2780815660953522
0.16547039151191711
0.2645755708217621
0.18824903666973114
0.27742934226989746
0.27646398544311523
0.08297667652368546
0.24478968977928162
0.3194600045681
0.25498050451278687
0.19108976423740387
0.18814313411712646
0.22264191508293152
0.21445395052433014
0.16359835863113403
0.20193040370941162
0.33107730746269226
0.2806197702884674
0.19301414489746094
0.27975091338157654
0.36282843351364136
0.35322046279907227
0.4460888206958771
0.3634611964225769
0.3612748682498932
0.09172893315553665
0.38084539771080017
0.38987812399864197
0.2616538107395172
0.6022194623947144
0.2449267953634262
0.6720554828643799
0.6291053891181946
0.1400611251592636
0.32601916790008545
0.304459810256958
0.171939879655838
0.19548958539962769
0.31412971019744873
0.25830966234207153
0.3069790303707123
0.33588355779647827
0.17973990738391876
0.33174335956573486
0.34326890110969543
0.3126997649669647
0.21682864427566528
0.27509957551956177
0.2816028892993927
0.2366049736738205
0.24577754735946655
0.18138611316680908
0.24098044633865356
0.2444639652967453
0.1744345724582672
0.2782931327819824
0.2779982388019562
0.2796468138694763
0.2579890489578247
0.18596839904785156
0.1815587282180786
0.3172799348831177
0.20567601919174194
0.19871236383914948
0.46799004077911377
0.46799004077911377
0.18221771717071533
0.36957231163978577
0.23984576761722565
0.41377097368240356
0.2629085183143616
0.27110299468040466
0.23426102101802826
0.16733106970787048
0.2981129288673401
0.21342942118644714
0.15654776990413666
0.2983236610889435
0.22186166048049927
0.2590932250022888
0.32226869463920593
0.18584345281124115
0.40378597378730774
0.28251588344573975
0.3733125329017639
0.49762624502182007
0.5349620580673218
0.09244753420352936
0.41264134645462036
0.25644636154174805
0.12111696600914001
0.24653224647045135
0.2429954707622528
0.3490827679634094
0.241961270570755
0.22239337861537933
0.2210298627614975
0.212698832154274
0.2588176727294922
0.19263999164104462
0.1897365152835846
0.31708312034606934
0.39607131481170654
0.2593096196651459
0.2930179834365845
0.22010448575019836
0.4351728558540344
0.3126986622810364
0.12662769854068756
0.3289218246936798
0.234939306974411
0.42117631435394287
0.3583858609199524
0.31892937421798706
0.32725515961647034
0.3128909170627594
0.21954871714115143
0.31567707657814026
0.21059730648994446
0.2276058942079544
0.08862761408090591
0.22237415611743927
0.2795274555683136
0.20485179126262665
0.1761571764945984
0.21544238924980164
0.18043462932109833
0.19468489289283752
0.2153720259666443
0.18562909960746765
0.200011745095253
0.15577499568462372
0.20148713886737823
0.22561326622962952
0.2020091563463211
0.09525048732757568
0.29009830951690674
0.28365328907966614
0.28182920813560486
0.2879178822040558
0.08357787132263184
0.30449748039245605
0.15276195108890533
0.15417292714118958
0.10173147171735764
0.15325918793678284
0.15552958846092224
0.15270283818244934
0.20927485823631287
0.29540157318115234
0.23369620740413666
0.23573458194732666
0.18180112540721893
0.18523316085338593
0.3028581440448761
0.18890640139579773
0.2094501554965973
0.2054787129163742
0.25737378001213074
0.17151287198066711
0.18423660099506378
0.19369418919086456
0.19895663857460022
0.20396950840950012
0.16475561261177063
0.2026909589767456
0.3239385187625885
0.33141040802001953
0.21044760942459106
0.1905888170003891
0.2981439530849457
0.34465453028678894
0.35910335183143616
0.2896149456501007
0.32605382800102234
0.09646115452051163
0.2649562656879425
0.36218684911727905
0.18419283628463745
0.1854725331068039
0.21014192700386047
0.25515371561050415
0.18324050307273865
0.1826130747795105
0.24428968131542206
0.2196676880121231
0.17280185222625732
0.28088870644569397
0.2742229104042053
0.25137779116630554
0.20583166182041168
0.2006564885377884
0.22303833067417145
0.22228170931339264
0.19863533973693848
0.16548340022563934
0.18580979108810425
0.2798612713813782
0.2381380796432495
0.279788613319397
0.30207347869873047
0.2656137943267822
0.23209428787231445
0.2473033219575882
0.18751351535320282
0.1928052008152008
0.2114277333021164
0.18896624445915222
0.10128985345363617
0.40234827995300293
0.41071617603302
0.3202717900276184
0.36802658438682556
0.2505433261394501
0.20313870906829834
0.2853139042854309
0.31421959400177
0.35721784830093384
0.2605096399784088
0.2630573511123657
0.24627630412578583
0.16885793209075928
0.34995004534721375
0.2901107668876648
0.23676270246505737
0.34128740429878235
0.2729279398918152
0.27203938364982605
0.17365247011184692
0.24236181378364563
0.32245880365371704
0.3685150742530823
0.16750065982341766
0.3240114450454712
0.33463671803474426
0.11880514770746231
0.4402546286582947
0.3086712062358856
0.19600659608840942
0.19843687117099762
0.23650534451007843
0.2059069573879242
0.10373719036579132
0.20235198736190796
0.31459635496139526
0.23238210380077362
0.17682507634162903
0.3124457597732544
0.2699485719203949
0.24980664253234863
0.33211880922317505
0.2865324020385742
0.28682154417037964
0.27042973041534424
0.2974287271499634
0.1746136099100113
0.3462655246257782
0.20547649264335632
0.25750732421875
0.1725628823041916
0.460015207529068
0.11594267189502716
0.21379134058952332
0.2449745237827301
0.36238688230514526
0.34954720735549927
0.1977318823337555
0.1794215589761734
0.3286661207675934
0.27864009141921997
0.18436531722545624
0.20402391254901886
0.38451099395751953
0.322295606136322
0.3860809803009033
0.35534340143203735
0.4385101795196533
0.4039284586906433
0.17086149752140045
0.39241546392440796
0.17200854420661926
0.32488584518432617
0.20660333335399628
0.2921866178512573
0.23587143421173096
0.3246079087257385
0.26756975054740906
0.36289000511169434
0.1863056719303131
0.233576238155365
0.31344354152679443
0.22249262034893036
0.22596842050552368
0.25346264243125916
0.10452772676944733
0.1747317761182785
0.22308623790740967
0.22402219474315643
0.25844135880470276
0.17198967933654785
0.32360249757766724
0.26684582233428955
0.3680838942527771
0.18464359641075134
0.3448975384235382
0.18083414435386658
0.3529401421546936
0.3100334405899048
0.3027360141277313
0.32342609763145447
0.17494283616542816
0.36521807312965393
0.17574894428253174
0.3382982015609741
0.30971208214759827
0.33005473017692566
0.3377821743488312
0.17579464614391327
0.37494271993637085
0.2117270827293396
0.3731815814971924
0.3738859295845032
0.305215448141098
0.2873850464820862
0.17937897145748138
0.2936475872993469
0.2840481102466583
0.28679975867271423
0.17645704746246338
0.35126793384552
0.2649429440498352
0.3071144223213196
0.2926517724990845
0.35443443059921265
0.2269548624753952
0.2248786985874176
0.2235441356897354
0.21743042767047882
0.1036888062953949
0.21486587822437286
0.28950759768486023
0.17523226141929626
0.2969869375228882
0.2942628860473633
0.17286568880081177
0.2878628373146057
0.27471405267715454
0.27277716994285583
0.27016663551330566
0.318307489156723
0.10500848293304443
0.31883659958839417
0.25582948327064514
0.2553137242794037
0.1683545708656311
0.22352945804595947
0.23419976234436035
0.19458310306072235
0.2555168867111206
0.3558540940284729
0.1652146279811859
0.18270081281661987
0.30878570675849915
0.3618342876434326
0.26302945613861084
0.08441591262817383
0.43792974948883057
0.19995112717151642
0.19296687841415405
0.5774364471435547
0.3957359790802002
0.19821110367774963
0.6882073879241943
0.3000483512878418
0.3870418071746826
0.20440791547298431
