0.7973604202270508
0.22300736606121063
0.9378851056098938
0.9165639281272888
0.9098300933837891
0.9412276744842529
0.7714590430259705
0.5897302031517029
0.5821276903152466
0.5582753419876099
0.2094760239124298
0.46677371859550476
0.20526939630508423
0.9791569709777832
0.9727052450180054
0.9914971590042114
0.9760560989379883
0.9734381437301636
0.4609508216381073
0.23139941692352295
0.1930510401725769
0.9737513065338135
0.9624388813972473
0.8333702087402344
0.929301381111145
0.9130752086639404
0.9502114057540894
0.8345217704772949
0.9139699935913086
0.19307099282741547
0.7521727085113525
0.948580265045166
0.7995940446853638
0.8547744750976562
0.2038409262895584
0.9643474817276001
0.8991330862045288
0.6359649896621704
0.22005468606948853
0.7772406339645386
0.8244427442550659
0.8752877712249756
0.9258326292037964
0.9481897354125977
0.9792476892471313
0.8358291387557983
0.9792476892471313
0.21320347487926483
0.2176453024148941
0.3127133250236511
0.6237460374832153
0.5827821493148804
0.5986834764480591
0.6079949736595154
0.68733811378479
0.950875997543335
0.9267873764038086
0.22228433191776276
0.9565948247909546
0.7168931365013123
0.8364801406860352
0.9097675085067749
0.38290223479270935
0.9191256761550903
0.5866912603378296
0.9218419790267944
0.9298141002655029
0.9254640340805054
0.19677957892417908
0.9564052820205688
0.9443427324295044
0.8559845685958862
0.8216680288314819
0.20522132515907288
0.4633210599422455
0.7902233600616455
0.7548742294311523
0.7994571924209595
0.5842331647872925
0.563950777053833
0.6827679872512817
0.8152902126312256
0.571434736251831
0.22620226442813873
0.22118885815143585
0.9539325833320618
0.6806436777114868
0.8884878158569336
0.8206808567047119
0.9379669427871704
0.14590580761432648
0.13146230578422546
0.7070378065109253
0.4755178689956665
0.502500593662262
0.709553599357605
0.9379981756210327
0.5819017887115479
0.3892630636692047
0.9631503820419312
0.5944423675537109
0.21889455616474152
0.9573006629943848
0.7548425793647766
0.8148660659790039
0.9204939603805542
0.9229456186294556
0.20811843872070312
0.6902644038200378
0.20221979916095734
0.4599008560180664
0.4010535478591919
0.9762150049209595
0.2194332331418991
0.7094980478286743
0.20207561552524567
0.6963995695114136
0.7766915559768677
0.6182104349136353
0.6487389206886292
0.22183676064014435
0.9869314432144165
0.9709459543228149
0.9974900484085083
0.9911671876907349
0.9709527492523193
0.5275303721427917
0.6685726642608643
0.4507030248641968
0.6633424162864685
0.19993388652801514
0.5750173926353455
0.23337550461292267
0.6899523138999939
0.8877193331718445
0.7571762800216675
0.7997565269470215
0.7019352912902832
0.8149596452713013
0.4221113622188568
0.7904198169708252
0.7476274967193604
0.7597472667694092
0.20901073515415192
0.3646972179412842
0.5151304006576538
0.4679681062698364
0.2203153818845749
0.4726884663105011
0.4679679870605469
0.45189398527145386
0.5664247274398804
0.5340856313705444
0.283955454826355
0.5811857581138611
0.5964154005050659
0.22399573028087616
0.47553178668022156
0.6492797136306763
0.828094482421875
0.3351990282535553
0.4622599184513092
0.9936990737915039
0.3482166826725006
0.9540001153945923
0.9936990737915039
0.9936990737915039
1.0
0.9948960542678833
0.20531690120697021
0.6001814603805542
0.9686459302902222
0.9929096698760986
0.8397825956344604
0.2695249617099762
0.9083080291748047
0.9083082675933838
0.9083080291748047
0.9076881408691406
0.9335441589355469
0.5722488760948181
0.7200759053230286
0.7508469820022583
0.7041430473327637
0.20152640342712402
0.7090650200843811
0.8899990320205688
0.8899990320205688
0.9877761602401733
0.14434896409511566
0.8732043504714966
1.0
0.3553791046142578
0.991214394569397
0.9998128414154053
0.7280542850494385
0.13020794093608856
0.8252551555633545
0.12616528570652008
0.40004757046699524
0.807952880859375
0.7200353145599365
0.629112958908081
0.3397376537322998
0.8419872522354126
0.8311269283294678
0.7871587872505188
0.8311269283294678
0.8311269283294678
0.20044565200805664
0.7485212087631226
0.7102923393249512
0.5358785390853882
0.741034746170044
0.2164505124092102
0.5121884346008301
0.6670104265213013
0.8182083368301392
0.7119983434677124
0.8455078601837158
0.12787647545337677
0.7644437551498413
0.8401955366134644
0.13390609622001648
0.6514568328857422
0.8572609424591064
0.7947416305541992
0.6339098215103149
0.9452650547027588
0.903558611869812
0.9694831371307373
0.8426782488822937
0.20820075273513794
0.7537060976028442
0.6422609090805054
0.6560909748077393
0.6066123247146606
0.9562203884124756
0.22629810869693756
0.600294828414917
0.7637102007865906
0.9993454217910767
0.8570094108581543
0.12496090680360794
0.9995697736740112
0.9993454217910767
0.9299113750457764
1.0
0.28744038939476013
1.0
1.0
0.9772295951843262
0.3610348403453827
0.7086809277534485
0.8163000345230103
0.6334389448165894
0.7443616390228271
0.13741807639598846
0.8568590879440308
0.2120397537946701
0.9199306964874268
0.8568590879440308
0.7815329432487488
0.9702224731445312
0.48536449670791626
0.6790648102760315
0.4307604432106018
0.5773364901542664
0.20566736161708832
0.820417582988739
0.6619288921356201
0.5861881375312805
0.6187583208084106
0.5082110166549683
0.6607309579849243
0.2087634652853012
0.7855952978134155
0.13962367177009583
0.9061877727508545
0.49611276388168335
0.7361271381378174
0.8467074036598206
0.9756613969802856
1.0
1.0
0.139398992061615
0.9894307851791382
0.9985314607620239
0.8069443702697754
0.8434786796569824
0.6476450562477112
0.21088913083076477
0.7097632884979248
0.13758616149425507
0.4034428596496582
0.3384478986263275
0.5451616048812866
0.4663752615451813
0.1961107850074768
0.22040477395057678
0.8698099851608276
0.729251503944397
0.9177742004394531
0.22983777523040771
0.8690185546875
0.7350701093673706
0.709672212600708
0.7419167757034302
0.6113398671150208
0.23568186163902283
0.8236852884292603
0.6333571076393127
0.22267095744609833
0.9821474552154541
0.7461767196655273
0.975358247756958
0.8258081674575806
0.9705344438552856
0.9013762474060059
0.8713611364364624
0.8312310576438904
0.7420501112937927
0.8195329904556274
0.13275617361068726
0.5885816812515259
0.5665848255157471
0.7488313913345337
0.738655149936676
0.13288450241088867
0.5704942941665649
0.7211233973503113
0.7857768535614014
0.8525738716125488
0.6457238793373108
0.12046786397695541
0.7401990294456482
0.9196895360946655
0.20206493139266968
0.9792343378067017
0.9622877836227417
0.9755939245223999
0.9562523365020752
0.2200603485107422
0.6726284027099609
0.625958263874054
0.7073909044265747
0.8113951683044434
0.844630241394043
0.9116950631141663
0.22152456641197205
0.8951011896133423
0.7120932340621948
0.13036341965198517
0.8302779197692871
0.20855611562728882
0.9894397258758545
0.9839901924133301
0.8152796030044556
0.9957762956619263
0.8638817071914673
0.9383119940757751
0.6769475936889648
0.6655278205871582
0.9245885610580444
0.21160387992858887
0.6360749006271362
0.5200611352920532
0.24650608003139496
0.36067837476730347
0.19788117706775665
0.24195410311222076
0.2033810168504715
0.7589119672775269
0.9630857706069946
0.4193859100341797
0.8102781772613525
0.22289210557937622
0.995107889175415
0.7045580148696899
0.6634132862091064
0.27607157826423645
0.2550840973854065
0.232040137052536
0.8544940948486328
0.9110221862792969
0.916152834892273
0.7657305598258972
0.8029443025588989
0.1366998553276062
0.786849856376648
0.570586085319519
0.785014271736145
0.6741553544998169
0.5915935039520264
0.13466334342956543
0.6582927107810974
0.9536247253417969
0.970771074295044
0.970333456993103
0.970740556716919
0.9694492816925049
0.20995603501796722
0.41871365904808044
0.5659441947937012
0.5516648292541504
0.5455799102783203
0.3605624735355377
0.21853451430797577
0.21556323766708374
0.6753159761428833
0.8361642360687256
0.9716086387634277
0.6609552502632141
0.6283800601959229
0.9062032699584961
0.7062556147575378
0.21855078637599945
0.9507294297218323
0.9798533916473389
0.9837799072265625
0.41790565848350525
0.3409542441368103
0.19866731762886047
0.5038081407546997
0.16859719157218933
0.41368600726127625
0.8778080940246582
0.9291608333587646
0.8495895266532898
0.21965433657169342
0.7613036036491394
0.9953570365905762
0.8813467025756836
0.8024001121520996
0.9759279489517212
0.26274389028549194
0.7876719236373901
0.927770733833313
0.9809815883636475
0.2203638106584549
0.6870545148849487
0.7889021635055542
0.6153884530067444
0.7232140302658081
0.5379883050918579
0.24592456221580505
0.5011553764343262
0.9725210666656494
0.6148105263710022
0.5947062373161316
0.9984855651855469
0.9826307892799377
0.9641164541244507
0.21928668022155762
0.9826141595840454
0.9121177196502686
0.9865759611129761
0.9803615808486938
0.7959188222885132
0.8015618324279785
0.9878758192062378
0.22896602749824524
0.14011776447296143
1.0
0.8509401679039001
0.32130467891693115
0.6521399021148682
0.9855471849441528
0.2127293050289154
0.791684627532959
0.8505696058273315
0.7733182907104492
0.8505696058273315
0.8323332667350769
1.0
0.9350122809410095
1.0
0.9253774881362915
0.9327633380889893
0.14221517741680145
0.22236554324626923
0.7116754055023193
0.5891507863998413
0.8179093599319458
0.8638453483581543
0.9293609857559204
0.22162997722625732
0.8708131313323975
0.9083778262138367
0.9712249040603638
0.9938511848449707
0.9118707180023193
0.7464510202407837
0.7353131771087646
0.7771809101104736
0.7358678579330444
0.1501251608133316
0.6243149042129517
0.8385416269302368
0.19022585451602936
0.4563589096069336
0.8774183988571167
0.21248553693294525
0.6987042427062988
0.9661829471588135
0.8319984674453735
0.9505263566970825
0.7634973526000977
0.22945307195186615
0.8366701602935791
0.9708009958267212
0.9708009958267212
0.2590649724006653
0.9708009958267212
0.9943140745162964
0.9652472734451294
0.4402529299259186
0.5380502939224243
0.6066723465919495
0.48615509271621704
0.48373356461524963
0.2038605809211731
0.22018995881080627
0.7141680717468262
0.690293550491333
0.5337646007537842
0.6246750354766846
0.7222244739532471
0.8879151344299316
0.9074296951293945
0.2186083346605301
0.671439528465271
0.8551039695739746
0.8149627447128296
0.23168258368968964
0.6786497831344604
0.8737806081771851
0.8731733560562134
0.9763364791870117
0.9920535087585449
0.7041438817977905
0.7420830726623535
0.22441977262496948
0.7520904541015625
0.7537250518798828
0.7537250518798828
0.9040766954421997
0.8686066269874573
0.831020176410675
0.2237023562192917
0.8862943649291992
0.8455908298492432
0.6155695915222168
0.7255200147628784
0.6831820607185364
0.6596758365631104
0.5348787903785706
0.21740055084228516
0.6252785325050354
0.3556120991706848
0.7667626142501831
0.7675387859344482
0.9505687952041626
0.20894993841648102
0.9161379337310791
0.2014027237892151
0.5704543590545654
0.5184535980224609
0.5117821097373962
0.628510594367981
0.2114308923482895
0.4268295168876648
0.40053725242614746
0.2516404986381531
0.5049149990081787
0.46981117129325867
0.7949284315109253
0.13940489292144775
0.5887070298194885
0.588746190071106
0.20070375502109528
0.44266802072525024
0.21008020639419556
0.7854845523834229
0.8181663751602173
0.6996917724609375
0.6621187925338745
0.888958752155304
0.7054360508918762
0.12948209047317505
0.49309563636779785
0.8382656574249268
0.743267834186554
0.2514773905277252
