0.6598745584487915
0.6283998489379883
0.6077793836593628
0.13861297070980072
0.7358585000038147
0.7209248542785645
0.12380866706371307
0.8746135234832764
0.5833792686462402
0.60753333568573
0.30610358715057373
0.3840382993221283
0.7696533799171448
0.901264488697052
0.9119118452072144
0.9696898460388184
0.12679508328437805
0.947136640548706
0.472368448972702
0.39545780420303345
0.8666818141937256
0.6912235617637634
0.20114931464195251
0.9604952335357666
0.6747255325317383
0.961297869682312
0.7491514086723328
0.1988047957420349
0.6609798669815063
0.6847611665725708
0.5330783724784851
0.12187116593122482
0.7589441537857056
0.7480194568634033
0.7649035453796387
0.5455515384674072
0.6287010908126831
0.2719435393810272
0.12666752934455872
0.9929206371307373
0.8825174570083618
0.2364596128463745
0.9137647151947021
0.9721031188964844
0.30999720096588135
0.9962595701217651
0.9199203252792358
0.3391430079936981
0.5789611339569092
0.7054238319396973
0.3575255572795868
0.1297481805086136
0.3915857672691345
0.7057346105575562
0.7324482202529907
0.14140135049819946
0.49139732122421265
0.8594967126846313
0.5735681653022766
0.10553515702486038
0.9926036596298218
0.7303856611251831
0.6743069291114807
0.21962827444076538
0.8691087961196899
0.9989808797836304
0.6187082529067993
0.7966473698616028
0.1932947337627411
0.3416919410228729
0.6767067909240723
0.23252008855342865
0.13636897504329681
0.8837753534317017
0.6633025407791138
0.7237755060195923
0.8440142869949341
0.8744584321975708
0.38915732502937317
0.6264569759368896
0.22383658587932587
0.3429294526576996
0.40216416120529175
0.7594959735870361
0.1432228982448578
0.30365878343582153
0.48213592171669006
0.8134880065917969
0.32636624574661255
0.838202714920044
0.8806684017181396
0.14542156457901
0.31141120195388794
0.5138589143753052
0.4849119186401367
0.9959466457366943
0.22736217081546783
0.13873086869716644
0.31159621477127075
0.6941763758659363
0.14549408853054047
0.7899355888366699
0.42114388942718506
0.49011629819869995
0.6620962619781494
0.693083643913269
0.5378031134605408
0.1310742199420929
0.12631213665008545
0.36608216166496277
0.3723044693470001
0.36240097880363464
0.2632010579109192
0.6219826936721802
0.6686170101165771
0.2101403921842575
0.6197617053985596
0.8505658507347107
0.524285078048706
0.7463937401771545
0.87624591588974
0.28046026825904846
0.21400104463100433
0.858244776725769
0.8876549005508423
0.8857371211051941
0.7733079791069031
0.553244948387146
0.416087806224823
0.9114359617233276
0.21427062153816223
0.8402739763259888
0.5230945348739624
0.13003943860530853
0.7632615566253662
0.6315451860427856
0.47164881229400635
0.9835824966430664
0.30969974398612976
0.3841521143913269
0.5562329888343811
0.6589304208755493
0.14034278690814972
0.4752384424209595
0.7461152076721191
0.39373669028282166
0.5178206562995911
0.726466953754425
0.21399757266044617
0.8308719396591187
0.6811720132827759
0.39445817470550537
0.4286123514175415
0.2344806045293808
0.3725506067276001
0.6945699453353882
0.561970591545105
0.441979318857193
0.320901095867157
0.12335620820522308
0.4564739167690277
0.7041425108909607
0.8465715646743774
0.20696084201335907
0.9531559944152832
0.9910763502120972
0.9783010482788086
0.9982686042785645
0.11738831549882889
0.51054847240448
0.49516013264656067
0.7136951684951782
0.8221088647842407
0.8784564733505249
0.5953609347343445
0.8907742500305176
0.12668238580226898
0.3458852171897888
0.7365573644638062
0.8763922452926636
0.7638627290725708
0.9488632678985596
0.12053988128900528
0.7827469110488892
0.7913601398468018
0.827784538269043
0.4369635283946991
0.23446115851402283
0.9161256551742554
0.9741988182067871
0.6741865277290344
0.9756439924240112
0.12430449575185776
0.672734260559082
0.24153850972652435
0.9704548120498657
0.7728016376495361
0.9089465737342834
0.41684988141059875
0.8016015291213989
0.5846202373504639
0.46918103098869324
0.11806067079305649
0.6581405401229858
0.6460978984832764
0.8822797536849976
0.6164191961288452
0.9014976024627686
0.12497524172067642
0.20275500416755676
0.1238134577870369
0.6776273250579834
0.2671879529953003
0.33207130432128906
0.5889546871185303
0.2017746865749359
0.11235075443983078
0.30485251545906067
0.10731585323810577
0.7942354679107666
0.48218244314193726
0.7311863899230957
0.7068511247634888
0.7846196889877319
0.8568412065505981
0.13007712364196777
0.7797488570213318
0.8622344136238098
0.2917446494102478
0.5545717477798462
0.7754995226860046
0.19426915049552917
0.218332901597023
0.9551372528076172
0.8410294651985168
0.9815165996551514
0.560626745223999
0.13339859247207642
0.6543030738830566
0.42891815304756165
0.11478116363286972
0.8243802189826965
0.7975522875785828
0.8632805347442627
0.8452695608139038
0.6013144254684448
0.2681613266468048
0.27516284584999084
0.9308056831359863
0.9447962641716003
0.21116706728935242
0.29715049266815186
0.6321326494216919
0.6072537899017334
0.13698920607566833
0.8125084638595581
0.40629681944847107
0.5266352891921997
0.6407562494277954
0.5622723698616028
0.6775474548339844
0.696807324886322
0.6995465755462646
0.2222023457288742
0.678783655166626
0.9180880784988403
0.13687826693058014
0.8814178705215454
0.7102872133255005
0.4515224099159241
0.19207322597503662
0.5739670991897583
0.35642340779304504
0.6456613540649414
0.6902362704277039
0.3605915307998657
0.7465164661407471
0.8681725859642029
0.8482023477554321
0.12226549535989761
0.8995900750160217
0.7000617980957031
0.984856367111206
1.0
0.9912000298500061
0.11341789364814758
0.9747916460037231
0.984856367111206
0.7291934490203857
0.9303265810012817
0.5363982915878296
0.5050151944160461
0.5190786123275757
0.20605121552944183
0.30404794216156006
0.3218402862548828
0.2151748239994049
-0.014453878626227379
0.3440781831741333
0.13291947543621063
0.792966902256012
0.7911950349807739
0.8343232870101929
0.8772414922714233
0.1287056803703308
0.8682397603988647
0.37242767214775085
0.9142519235610962
0.700920581817627
0.3124920725822449
0.7588902711868286
0.1194545328617096
0.5658926963806152
0.8158663511276245
0.6573907136917114
0.7011630535125732
0.6696873903274536
0.22236262261867523
0.7854188680648804
0.3975941240787506
0.9272911548614502
0.13245388865470886
0.8702234029769897
0.9050827026367188
0.5986799001693726
0.6138113737106323
0.5433192253112793
0.20692859590053558
0.4541061520576477
0.8553908467292786
0.605172872543335
0.1946565806865692
0.7017655968666077
0.7008740901947021
0.4317106008529663
0.5051145553588867
0.9207103252410889
0.34697192907333374
0.8777465224266052
0.1130455881357193
0.6282919049263
0.9760796427726746
0.5344992876052856
0.13827954232692719
0.6332772374153137
0.8089638948440552
0.6337815523147583
0.9017972946166992
0.8743014931678772
0.11944660544395447
0.5795009136199951
0.7491204142570496
0.17313560843467712
0.44802066683769226
0.13075421750545502
0.6078941822052002
0.8959681987762451
0.7379437685012817
0.7399669289588928
0.9348293542861938
0.9880411624908447
0.988222599029541
0.7698644399642944
0.14780816435813904
0.8779691457748413
0.501591682434082
0.11390931159257889
0.12339984625577927
0.22845202684402466
0.277888685464859
0.27963000535964966
0.365982323884964
0.8031790852546692
0.9445565938949585
0.5524466037750244
0.8352386951446533
0.1276080310344696
0.9891550540924072
0.6723174452781677
0.5451123714447021
0.21467800438404083
0.7178015112876892
0.3439822196960449
0.24767009913921356
0.7008707523345947
0.8276965022087097
0.6510756611824036
0.4199269711971283
0.1292169690132141
0.9096245169639587
0.40597930550575256
0.9647992849349976
0.5463114380836487
0.8608871698379517
0.6621501445770264
0.20380499958992004
0.26063722372055054
0.2951198220252991
0.6685886383056641
0.7355482578277588
0.8749977350234985
0.2934052646160126
0.29001933336257935
0.40063536167144775
0.5411853790283203
0.38918933272361755
0.22875580191612244
0.8566025495529175
0.12263864278793335
0.7371319532394409
0.6866111755371094
0.767920732498169
0.47820308804512024
0.5758875012397766
0.3058154582977295
0.9496861696243286
0.22853302955627441
0.7551076412200928
0.25980398058891296
0.513913094997406
0.31548577547073364
0.2642451226711273
0.3233678638935089
0.5369835495948792
0.30261749029159546
0.22092583775520325
0.843388020992279
0.9405232667922974
0.37952184677124023
0.36016571521759033
0.6752362847328186
0.12153490632772446
0.2293063849210739
0.9656389951705933
0.861792802810669
0.9681443572044373
0.7938799858093262
0.4273269474506378
0.5352908372879028
0.7440106868743896
0.7014629244804382
0.5927000045776367
0.12818391621112823
0.7168159484863281
0.5863560438156128
0.34962719678878784
0.6797705292701721
0.6902999877929688
0.21663564443588257
0.13136939704418182
0.7271762490272522
0.22240106761455536
0.6212032437324524
0.8802173733711243
0.9380967617034912
0.9828749895095825
0.9732271432876587
0.9895991086959839
0.8309373259544373
0.11720088124275208
0.8528719544410706
0.7118534445762634
0.921584963798523
0.8923667669296265
0.7685813903808594
0.9015761613845825
0.14523284137248993
0.6031364798545837
0.14024707674980164
0.39832204580307007
0.6534903049468994
0.23195675015449524
0.42906951904296875
0.7356795072555542
0.6970700025558472
0.9970449209213257
0.1456095278263092
0.8395718336105347
0.8612304925918579
0.1416674703359604
0.6920491456985474
0.49595019221305847
0.4857017993927002
0.13587453961372375
0.8102840781211853
0.8262847065925598
0.13138671219348907
0.6474123001098633
0.71444171667099
0.7549346685409546
0.9294370412826538
0.8414480686187744
0.6307740807533264
0.573649525642395
0.13478463888168335
0.5027631521224976
0.7002365589141846
0.7155441045761108
0.27997854351997375
0.568787693977356
0.5504835844039917
0.6999662518501282
0.21860110759735107
0.4479353427886963
0.3419269919395447
0.6426373720169067
0.8288047909736633
0.8826395273208618
0.15778282284736633
0.2302449494600296
0.6998118162155151
0.6047697067260742
0.2527514398097992
0.9331022500991821
0.8869122266769409
0.3161524832248688
0.5954829454421997
0.3635641634464264
0.24279475212097168
0.6192681193351746
0.21641606092453003
0.7352079153060913
0.476961612701416
0.8110944628715515
0.6032945513725281
0.13883265852928162
0.7699958086013794
0.9027554988861084
0.35572677850723267
0.23015573620796204
0.9379369020462036
0.8434513807296753
0.3860072195529938
0.5522478818893433
0.7229518890380859
0.9314987659454346
0.9800513982772827
0.9819678068161011
0.21052119135856628
0.7823650240898132
0.6125723123550415
0.6463530659675598
0.22201837599277496
0.37658217549324036
0.5672050714492798
0.575943112373352
0.18239107728004456
0.6559258103370667
0.4042433202266693
0.12780943512916565
0.8235673308372498
0.07132790237665176
0.591194748878479
0.2241094410419464
0.32187867164611816
0.9197931289672852
0.326708048582077
0.42009299993515015
0.8094702363014221
0.27417296171188354
0.6721405982971191
0.774777352809906
0.6263397336006165
0.12514300644397736
0.1493975818157196
0.7441047430038452
0.12944179773330688
0.8489024639129639
0.7935302257537842
0.8235704898834229
0.5049670934677124
0.6908394694328308
0.6150074005126953
0.7446802258491516
0.13546688854694366
0.7730421423912048
0.7050151228904724
0.4261893630027771
0.03148515522480011
0.5908100605010986
0.12770609557628632
0.785241425037384
0.8043278455734253
0.12321893870830536
0.7522444725036621
0.836702823638916
0.7456803917884827
0.8218081593513489
0.13310211896896362
0.7909070253372192
0.8468056917190552
0.4578285813331604
0.5215332508087158
0.5855830907821655
