0.17192761600017548
0.19274687767028809
0.19497594237327576
0.19532790780067444
0.21122173964977264
0.17764942348003387
0.27763980627059937
0.29446232318878174
0.28417277336120605
0.19974960386753082
0.21765434741973877
0.42758575081825256
0.18241550028324127
0.3137325346469879
0.3147145211696625
0.32661718130111694
0.30783596634864807
0.2517273426055908
0.21512679755687714
0.16965657472610474
0.22993610799312592
0.22869275510311127
0.24660201370716095
0.19915172457695007
0.22492700815200806
0.22838126122951508
0.22853343188762665
0.23140034079551697
0.16725189983844757
0.2280849665403366
0.2447432279586792
0.29048383235931396
0.24955923855304718
0.237193301320076
0.3155451714992523
0.16509772837162018
0.2503679394721985
0.24251820147037506
0.22041216492652893
0.3228881359100342
0.23055055737495422
0.3686218857765198
0.2989872694015503
0.22290852665901184
0.3061400055885315
0.22694313526153564
0.3235243260860443
0.37459325790405273
0.2516464293003082
0.23241184651851654
0.31522735953330994
0.24190692603588104
0.282602995634079
0.2270156294107437
0.16577571630477905
0.21277116239070892
0.2150227278470993
0.23939064145088196
0.29450738430023193
0.2370380461215973
0.4979669451713562
0.20702272653579712
0.5453684329986572
0.19602718949317932
0.5154286623001099
0.4555860459804535
0.2989554703235626
0.3118916153907776
0.17976170778274536
0.25684428215026855
0.3127092123031616
0.30078524351119995
0.23859113454818726
0.30718544125556946
0.16232948005199432
0.300824373960495
0.30314332246780396
0.2888041138648987
0.2941369414329529
0.282370388507843
0.28847986459732056
0.27520889043807983
0.23353999853134155
0.19267049431800842
0.20541328191757202
0.516897439956665
0.25885966420173645
0.302023321390152
0.4522140920162201
0.4738844335079193
0.3448852002620697
0.4056938588619232
0.5574175119400024
0.1376320868730545
0.4422614872455597
0.34175199270248413
0.17951823770999908
0.3363957405090332
0.21016916632652283
0.23408478498458862
0.25950828194618225
0.2419680804014206
0.17677567899227142
0.22307614982128143
0.2320440113544464
0.3320896029472351
0.2585579752922058
0.21000143885612488
0.12793569266796112
0.3989449739456177
0.3206249177455902
0.3104696571826935
0.35168400406837463
0.3355577886104584
0.3291032612323761
0.20809128880500793
0.1595017910003662
0.1922028362751007
0.18270352482795715
0.30805131793022156
0.37533730268478394
0.17141976952552795
0.2904215157032013
0.3337433934211731
0.3472915291786194
0.3636181354522705
0.18494048714637756
0.28729137778282166
0.24214741587638855
0.21719582378864288
0.2500380277633667
0.2637975215911865
0.23419660329818726
0.31504589319229126
0.27530816197395325
0.22506849467754364
0.2772983908653259
0.22456349432468414
0.34248512983322144
0.19652940332889557
0.3248933255672455
0.3510037660598755
0.3430328667163849
0.4087234437465668
0.28844448924064636
0.3375648856163025
0.3446841537952423
0.2770409882068634
0.2928680181503296
0.19053518772125244
0.4827316403388977
0.38415321707725525
0.2789933383464813
0.297459214925766
0.3819611966609955
0.33743271231651306
0.23447085916996002
0.2563610076904297
0.3125535249710083
0.09725676476955414
0.24972593784332275
0.22030550241470337
0.09609237313270569
0.12731437385082245
0.16460290551185608
0.25880786776542664
0.350526362657547
0.22725263237953186
0.3917733430862427
0.3941430151462555
0.389737069606781
0.1877252757549286
0.33072397112846375
0.3192804157733917
0.4889816343784332
0.560321033000946
0.5961573123931885
0.493731826543808
0.24193070828914642
0.5320494174957275
0.19466570019721985
0.4655134677886963
0.4643828868865967
0.4531976580619812
0.457169771194458
0.45319750905036926
0.4676176607608795
0.23776578903198242
0.20275932550430298
0.3542197644710541
0.20066231489181519
0.39180120825767517
0.32649102807044983
0.3761035203933716
0.1917366087436676
0.38874131441116333
0.26009654998779297
0.5654410123825073
0.23773148655891418
0.18255451321601868
0.2202766090631485
0.17301732301712036
0.21489323675632477
0.21421360969543457
0.10331695526838303
0.19389741122722626
0.20281583070755005
0.11636805534362793
0.19148589670658112
0.11519864946603775
0.31293588876724243
0.15962308645248413
0.29958847165107727
0.3100070357322693
0.303338885307312
0.34153085947036743
0.33049285411834717
0.35279595851898193
0.3619188666343689
0.353194922208786
0.30168914794921875
0.19846323132514954
0.3364664912223816
0.3392704725265503
0.3377453088760376
0.3312423825263977
0.3364338278770447
0.1870577037334442
0.3089081645011902
0.30355820059776306
0.1948326677083969
0.24741920828819275
0.3075582981109619
0.2656303346157074
0.2129630446434021
0.3553423583507538
0.17723099887371063
0.21319952607154846
0.20892849564552307
0.2282482534646988
0.22924675047397614
0.22603410482406616
0.23081819713115692
0.2677861154079437
0.18829071521759033
0.23877756297588348
0.3645975887775421
0.38468533754348755
0.3447205424308777
0.3645975887775421
0.19481344521045685
0.32681363821029663
0.22827227413654327
0.2573230266571045
0.2374887466430664
0.21581724286079407
0.1765514314174652
0.26250380277633667
0.29096105694770813
0.28938764333724976
0.279828816652298
0.23381969332695007
0.30573737621307373
0.18554449081420898
0.2725144326686859
0.17884227633476257
0.305605411529541
0.3170909881591797
0.24519775807857513
0.3132055699825287
0.2357175052165985
0.16604119539260864
0.2052459865808487
0.24108721315860748
0.234918013215065
0.23418870568275452
0.19555549323558807
0.11074157804250717
0.196583092212677
0.19042791426181793
0.18134476244449615
0.18861718475818634
0.11267538368701935
0.22198273241519928
0.2573958933353424
0.355063259601593
0.24124252796173096
0.3449777662754059
0.1890227049589157
0.1925249993801117
0.297183096408844
0.31493088603019714
0.11091763526201248
0.28191298246383667
0.22072798013687134
0.27133506536483765
0.1328234076499939
0.32458043098449707
0.16902241110801697
0.24452978372573853
0.2618207335472107
0.23339805006980896
0.12954191863536835
0.38272061944007874
0.3027172088623047
0.3883035182952881
0.38094258308410645
0.37780389189720154
0.35347166657447815
0.3491876721382141
0.3706149458885193
0.20073451101779938
0.46527934074401855
0.2151169627904892
0.4275132417678833
0.4903874695301056
0.44396263360977173
0.22413873672485352
0.4018217623233795
0.3693660795688629
0.4026687741279602
0.4341734051704407
0.23105522990226746
0.2987949848175049
0.30431273579597473
0.36441469192504883
0.42501258850097656
0.29841285943984985
0.22836333513259888
0.44359081983566284
0.3153013586997986
0.3307875394821167
0.22532138228416443
0.23591603338718414
0.3290386199951172
0.16485144197940826
0.24986764788627625
0.4028942584991455
0.3216310739517212
0.30655068159103394
0.13477201759815216
0.18223240971565247
0.2114955186843872
0.19999836385250092
0.2663877606391907
0.28046417236328125
0.16807249188423157
0.21392834186553955
0.29061073064804077
0.1358794867992401
0.237900972366333
0.16436852514743805
0.21553458273410797
0.2721688151359558
0.32567867636680603
0.31905871629714966
0.10658486187458038
0.2686961889266968
0.3231181502342224
0.21731002628803253
0.3132084608078003
0.19157962501049042
0.3145155608654022
0.2211521416902542
0.1915123164653778
0.22907406091690063
0.18690337240695953
0.32827430963516235
0.31708967685699463
0.3351576626300812
0.3473178744316101
0.3018278479576111
0.2787511348724365
0.3013598322868347
0.17016983032226562
0.2590228021144867
0.17427881062030792
0.2727114260196686
0.17733441293239594
0.2509726285934448
0.2086879163980484
0.2305603176355362
0.31188860535621643
0.29088693857192993
0.4112728536128998
0.16605263948440552
0.21567302942276
0.4019150137901306
0.2636662721633911
0.21733509004116058
0.3561929762363434
0.32157301902770996
0.46519845724105835
0.3785734474658966
0.21929891407489777
0.3645329475402832
0.3422008752822876
0.34389203786849976
0.1627606451511383
0.34025275707244873
0.33653849363327026
0.33909016847610474
0.3464006185531616
0.32218971848487854
0.12170284986495972
0.3330610394477844
0.27137860655784607
0.22316455841064453
0.2030327320098877
0.39637675881385803
0.20768046379089355
0.18687330186367035
0.22490082681179047
0.18221187591552734
0.20945724844932556
0.3183605372905731
0.31909844279289246
0.339883953332901
0.36278486251831055
0.32451507449150085
0.20944082736968994
0.24848723411560059
0.1979294866323471
0.26743024587631226
0.31036117672920227
0.4404521882534027
0.1384376585483551
0.22984392940998077
0.20824980735778809
0.23169051110744476
0.23454517126083374
0.2910517752170563
0.4955955147743225
0.3437618017196655
0.4381612539291382
0.3378177583217621
0.2193669080734253
0.39125490188598633
0.20482732355594635
0.17901866137981415
0.21032656729221344
0.20971263945102692
0.2082647830247879
0.22387509047985077
0.4519907832145691
0.214578315615654
0.33963310718536377
0.2431909292936325
0.3028661608695984
0.2727246880531311
0.2754047214984894
0.31747233867645264
0.15669474005699158
0.3108297884464264
0.31177711486816406
0.3123577833175659
0.45505818724632263
0.4251524806022644
0.42059263586997986
0.15495248138904572
0.4210844933986664
0.40525907278060913
0.30005040764808655
0.4231908917427063
0.3955944776535034
0.3878711462020874
0.21674230694770813
0.4675597548484802
0.14855064451694489
0.3108693063259125
0.32676881551742554
0.31329411268234253
0.266944020986557
0.3115677237510681
0.12858451902866364
0.2146988958120346
0.17458483576774597
0.2346491813659668
0.2417629361152649
0.17459818720817566
0.18266360461711884
0.21926584839820862
0.19219915568828583
0.1926201581954956
0.1935061514377594
0.21769945323467255
0.264148086309433
0.274580717086792
0.1814272552728653
0.22617575526237488
0.27742668986320496
0.21498170495033264
0.12032058835029602
0.12593723833560944
0.107041135430336
0.1860693395137787
0.09632347524166107
0.10496653616428375
0.28504717350006104
0.1717534363269806
0.26261335611343384
0.3251780867576599
0.32183778285980225
0.229314923286438
0.21421416103839874
0.4165528416633606
0.39624324440956116
0.4247500002384186
0.3967190384864807
0.3788759112358093
0.3619533181190491
0.2850765585899353
0.40254488587379456
0.22318336367607117
0.3704315721988678
0.14773087203502655
0.30485689640045166
0.2858297824859619
0.1851104199886322
0.2601855993270874
0.23314522206783295
0.3038404881954193
0.17102572321891785
0.2723200023174286
0.205096036195755
0.23210883140563965
0.3927074074745178
0.39107850193977356
0.3199928402900696
0.1986725926399231
0.19131378829479218
0.24119268357753754
0.16547149419784546
0.17943307757377625
0.24391816556453705
0.2387731671333313
0.3227507472038269
0.38230568170547485
0.2618771493434906
0.20315168797969818
0.29045599699020386
0.2945586144924164
0.27117976546287537
0.1666320264339447
0.2861000895500183
0.2912849485874176
0.48523056507110596
0.5370110869407654
0.48887714743614197
0.3875146210193634
0.12441043555736542
0.27992796897888184
0.306376188993454
0.29222699999809265
0.3928113579750061
0.2764172852039337
0.24670083820819855
0.2991250157356262
0.19282518327236176
0.22297903895378113
0.24353983998298645
0.16635414958000183
0.21457979083061218
0.20135176181793213
0.375080406665802
0.3376871347427368
0.45292919874191284
0.22900639474391937
0.17095063626766205
0.22383975982666016
0.17895472049713135
0.2095424234867096
0.22354276478290558
0.2084033340215683
0.2044968456029892
0.20581981539726257
0.11619576811790466
0.3225228488445282
0.29984942078590393
0.25964415073394775
0.34845277667045593
0.24811036884784698
0.20256613194942474
0.3801611065864563
0.21934819221496582
0.206713005900383
0.2683679759502411
0.2526741027832031
0.3340713679790497
0.4373253881931305
0.2051979899406433
0.4168846309185028
0.32513925433158875
0.20513072609901428
