0.9604923725128174
0.9528839588165283
0.22407156229019165
0.9876519441604614
0.9369989037513733
0.9431415796279907
0.7460867166519165
0.7022545337677002
0.7047069072723389
0.8871302604675293
0.218669131398201
0.8934224843978882
0.9822630882263184
0.9957934617996216
0.9942872524261475
0.80958092212677
0.20372240245342255
0.819571852684021
0.8263370990753174
0.967005729675293
0.20694327354431152
0.9120515584945679
0.9526649713516235
0.9634795188903809
0.9492567777633667
0.9207128882408142
0.9534802436828613
0.9540179967880249
0.10818371921777725
0.9618022441864014
0.1326018124818802
0.9415472745895386
0.9776724576950073
0.9778220653533936
0.9869624376296997
0.9747942686080933
0.7406406402587891
0.1727333962917328
0.9784373044967651
0.7490674257278442
0.9325594902038574
0.921953558921814
0.9912000298500061
0.9597820043563843
0.9026579856872559
0.9907611608505249
0.9998089075088501
0.3539450168609619
0.82468581199646
0.737256646156311
0.21180550754070282
0.7196193933486938
0.8494895696640015
0.9057748317718506
0.8911207914352417
0.6009710431098938
0.8822129964828491
0.9464073181152344
0.21866291761398315
0.5842304229736328
0.9742962121963501
0.9621986150741577
0.9746246337890625
0.9997793436050415
0.9978084564208984
0.6868941187858582
0.18789318203926086
0.9191758632659912
0.8143977522850037
0.9458255767822266
0.9602111577987671
0.9181128740310669
0.8911558985710144
0.9356977343559265
0.2180260270833969
0.9537433981895447
0.9714905023574829
0.9752199649810791
0.6618057489395142
0.9536169171333313
0.21208429336547852
0.8460967540740967
0.8630201816558838
0.8907961845397949
0.9249054193496704
0.9673413038253784
0.7589764595031738
0.989881157875061
0.21636246144771576
1.0
0.9466454982757568
0.9439514875411987
0.9409085512161255
0.9958897829055786
0.9556077122688293
0.7625958323478699
0.2924749255180359
0.8128294348716736
0.8239918947219849
0.9744267463684082
0.9207514524459839
0.8480942249298096
0.8362780809402466
0.9057022333145142
0.7829926013946533
0.9483305215835571
0.8475049734115601
0.21071407198905945
0.7624053359031677
0.9029722213745117
0.22377951443195343
0.614007830619812
0.7628401517868042
0.6342588067054749
0.9067815542221069
0.21851399540901184
0.8951199054718018
0.8887572288513184
0.8996967077255249
0.9296753406524658
0.1370248943567276
0.9979802370071411
1.0
1.0
0.9802318215370178
1.0
0.219310462474823
0.7887581586837769
0.62939453125
0.764523446559906
0.8823787569999695
0.7982690334320068
0.8593723773956299
0.9912000298500061
0.9670041799545288
0.7983115911483765
0.9912000298500061
0.9813685417175293
0.25027549266815186
0.9625490307807922
0.8975881338119507
0.9518646001815796
0.8996275663375854
0.59259033203125
0.9848232269287109
0.9269008040428162
0.9632093906402588
0.9121397137641907
0.22894561290740967
0.9797666668891907
0.7653740644454956
0.7043055295944214
0.2669590711593628
0.5692652463912964
0.7757140398025513
0.5484272837638855
0.7707880735397339
0.21159976720809937
0.7839908599853516
0.8205168843269348
0.5968426465988159
0.9670666456222534
0.7495127320289612
0.7998304963111877
0.7966601848602295
0.8963041305541992
0.2342538684606552
0.7998304963111877
1.0
0.9837735295295715
1.0
0.9102551937103271
1.0
0.2088296115398407
0.1800055056810379
0.8801168203353882
0.8821091651916504
0.9985320568084717
0.9426478147506714
0.9754341244697571
0.7703274488449097
0.9558901190757751
0.9171473979949951
0.2488441914319992
0.6339395046234131
0.7210930585861206
0.9991636276245117
0.9565509557723999
0.999807596206665
0.9977517127990723
0.5242453813552856
0.9991636276245117
0.9842362403869629
0.2246393859386444
0.9912000298500061
0.9912000298500061
0.9911664724349976
1.0
0.8574069738388062
0.9693537950515747
0.857631266117096
0.9679667949676514
0.21824651956558228
0.9599769115447998
0.9086257815361023
0.9983229637145996
0.8552557229995728
0.21249426901340485
0.8601816892623901
0.8933066129684448
0.5567412972450256
0.4670463502407074
0.21020665764808655
0.7022183537483215
0.5823696255683899
0.8667402267456055
0.9673058986663818
0.2080964595079422
0.9729782342910767
0.8984243869781494
0.9704055786132812
0.9196717739105225
0.7374318242073059
0.9049964547157288
0.9863064289093018
0.9011654257774353
0.21719948947429657
0.9589483737945557
0.7991873025894165
0.96551513671875
0.8682020902633667
0.12509334087371826
0.9425610303878784
0.8963444828987122
0.2226235419511795
0.9530202150344849
0.8697698712348938
0.9386743307113647
0.931438148021698
0.8755103349685669
0.14224568009376526
0.9883198738098145
1.0
0.9912000298500061
0.9912000298500061
1.0
0.9166791439056396
0.9863835573196411
0.9879320859909058
0.9176848530769348
0.849989116191864
0.9879320859909058
0.8349313735961914
0.9491888284683228
0.9201516509056091
0.20677782595157623
0.8577601313591003
0.8447095155715942
0.22365619242191315
0.8964476585388184
0.8622099161148071
0.8635263442993164
0.921554446220398
0.9603233933448792
0.9355688095092773
0.21609269082546234
0.6843315362930298
0.8250511288642883
0.8099868297576904
0.9219768643379211
0.5882465839385986
0.44852977991104126
0.29922813177108765
0.6336492300033569
0.19255733489990234
0.871131181716919
0.9844002723693848
0.9770920276641846
0.2132692039012909
0.9793335795402527
0.9655047655105591
0.9620001316070557
1.0
1.0
1.0
1.0
0.2141905128955841
1.0
0.8430966138839722
0.9822280406951904
0.22536228597164154
0.9786075949668884
0.9889843463897705
0.988984227180481
0.20470361411571503
0.7531983256340027
0.5364749431610107
0.528457522392273
0.41384226083755493
0.3927801847457886
0.859248161315918
0.9383272528648376
0.36191055178642273
0.953870415687561
0.9229335188865662
0.8717524409294128
0.8927569389343262
0.5365457534790039
0.7002297639846802
0.8902401924133301
0.6882116794586182
0.30484139919281006
0.8678790330886841
1.0
0.9865126609802246
0.9879547357559204
0.22634409368038177
0.9850190281867981
0.9832401275634766
0.8924120664596558
0.1302821934223175
0.9858319759368896
0.9848361015319824
0.9886080026626587
0.31237393617630005
0.8939821720123291
0.8951486945152283
0.8939821720123291
0.9012067317962646
0.8894992470741272
0.8643826246261597
0.7475121021270752
0.21364562213420868
0.962375819683075
0.8757462501525879
0.837883472442627
0.3606903553009033
0.9567926526069641
1.0
0.9991761445999146
0.9989006519317627
1.0
0.22281835973262787
0.7412793040275574
0.7975097894668579
0.7023478746414185
0.7935837507247925
0.7999614477157593
0.202251598238945
0.8848631978034973
0.9784719944000244
0.997556209564209
0.6242345571517944
0.9601113796234131
0.9808652400970459
0.948027491569519
0.949821949005127
0.9824221134185791
0.221539705991745
0.9833178520202637
0.86385178565979
0.86385178565979
0.8481388092041016
0.9530811309814453
0.8249622583389282
0.1308874934911728
0.8910168409347534
0.209268257021904
0.9017701148986816
0.7554024457931519
0.7111920118331909
0.6401746273040771
0.22282855212688446
0.9104892015457153
0.8712271451950073
0.7690034508705139
0.9611214399337769
0.8986671566963196
0.8540223836898804
0.89710932970047
0.8724278807640076
0.8448871374130249
0.20653019845485687
0.8730857372283936
0.8869874477386475
0.9354873895645142
0.8465142846107483
0.9415451288223267
0.21469394862651825
0.7405993342399597
0.7358956336975098
0.5513210296630859
0.12991569936275482
0.5759012699127197
0.6493436098098755
0.7927469611167908
0.9595935344696045
0.9454202055931091
0.951901912689209
0.9528237581253052
0.9544841051101685
0.30783677101135254
0.7645270824432373
0.7122884392738342
0.8417409658432007
0.14332203567028046
0.8354617357254028
0.6638137102127075
0.8845539093017578
0.7522722482681274
0.734445333480835
0.7588884830474854
0.2229677438735962
0.9834950566291809
0.9182631969451904
0.8832384347915649
0.8420034646987915
0.13518017530441284
0.9268100261688232
0.8926461935043335
0.7548941373825073
0.2072865515947342
0.644895613193512
0.8353886604309082
0.7312309741973877
0.8199803829193115
1.0
0.7257281541824341
0.22287112474441528
1.0
0.8599133491516113
1.0
0.9912000298500061
0.9960172176361084
0.3103567361831665
1.0
0.2038102000951767
0.9806681871414185
0.7860219478607178
0.2169552892446518
0.997917890548706
0.7728391885757446
0.7769750356674194
0.9729889631271362
0.9294431209564209
0.7618370056152344
0.2432689070701599
0.9114203453063965
0.9226369857788086
0.9448039531707764
0.21892891824245453
0.8375509977340698
0.9713948965072632
0.938865065574646
0.8487770557403564
0.9421976804733276
0.9633656740188599
1.0
1.0
1.0
1.0
0.21817052364349365
0.9909915924072266
0.9364420771598816
0.9339292049407959
0.23223038017749786
0.955512285232544
0.9517010450363159
0.8967217206954956
0.9053012132644653
0.9336071014404297
0.22044959664344788
0.9458953142166138
0.8988902568817139
0.9995012283325195
0.8908489942550659
0.7471095323562622
0.9195326566696167
1.0
0.9908801317214966
0.8588871955871582
0.8556187152862549
0.8321934938430786
0.771133542060852
0.22092320024967194
0.9512876272201538
0.9394651055335999
0.9972265958786011
0.8924989700317383
0.21011869609355927
0.9912000298500061
0.9530086517333984
0.6520109176635742
0.8815369606018066
0.5668874979019165
0.31424853205680847
0.6825311779975891
0.623944103717804
0.9619580507278442
0.41070061922073364
0.7636439800262451
0.8796594738960266
0.9579257965087891
0.21085987985134125
0.9988982677459717
1.0
0.9684462547302246
0.9465744495391846
0.22323237359523773
0.9790267944335938
1.0
0.9999958276748657
0.9999111890792847
0.5157275199890137
0.9999111890792847
0.9999111890792847
0.2159995436668396
0.6568505167961121
0.7643985748291016
0.6496204733848572
0.7482438087463379
0.8824830651283264
0.994511604309082
0.8608925342559814
0.9946991205215454
0.2212153524160385
0.8464034795761108
0.997963547706604
0.9040473103523254
0.9283057451248169
0.9674455523490906
0.8562484383583069
0.21103985607624054
0.9752218127250671
0.8962684869766235
0.8976647257804871
0.9132641553878784
0.9621689915657043
0.22007259726524353
0.9032338857650757
0.964956521987915
0.9052457809448242
0.216175839304924
0.8342324495315552
0.48894786834716797
0.9094716310501099
0.9862732887268066
0.9780892133712769
0.21412293612957
0.996029257774353
0.9853153228759766
0.9662987589836121
0.22343015670776367
0.8210311532020569
0.818252444267273
0.6129531860351562
0.8586962223052979
0.804987907409668
0.43640053272247314
0.2310435175895691
0.4650307297706604
0.7904512286186218
0.5137348771095276
0.645030677318573
0.7895113229751587
0.8247222900390625
0.849522054195404
0.8340432643890381
0.5827463269233704
0.8852028250694275
0.7165135145187378
0.5963202714920044
0.7025958299636841
0.21728363633155823
0.9185162782669067
0.9149632453918457
0.14205482602119446
0.8862046003341675
0.8963381052017212
0.6115722060203552
0.781408965587616
0.8982753157615662
0.9673378467559814
0.9869978427886963
0.9319148063659668
0.9083899259567261
0.5600990653038025
0.9790765643119812
0.8903155326843262
0.9086340665817261
0.45556995272636414
0.12452492862939835
0.9043083190917969
0.9573536515235901
