0.15794117748737335
0.3065837025642395
0.7542266249656677
0.7885698676109314
0.8521695733070374
0.8257781267166138
0.8033448457717896
0.7400941252708435
0.15513703227043152
0.7175809144973755
0.42395493388175964
0.7932277321815491
0.8936030268669128
0.16066405177116394
0.8927844762802124
0.39754778146743774
0.8864977955818176
0.8890155553817749
0.29836535453796387
0.8452705144882202
0.7532445788383484
0.8645277619361877
0.7488898634910583
0.1532147079706192
0.44485369324684143
0.8713552951812744
0.8744702339172363
0.8904276490211487
0.8819536566734314
0.16265596449375153
0.8064948916435242
0.689363420009613
0.37231194972991943
0.7947595715522766
0.7474167346954346
0.18277908861637115
0.8478054404258728
0.8175956606864929
0.8461470007896423
0.7925050854682922
0.8047611713409424
0.5053812265396118
0.8486207127571106
0.8486207127571106
0.8710255026817322
0.8534852862358093
0.8361974954605103
0.5043520331382751
0.3712741732597351
0.718762993812561
0.16451328992843628
0.696216881275177
0.6511132121086121
0.6452041864395142
0.37800130248069763
0.8572695851325989
0.6779723167419434
0.8752734065055847
0.7081571817398071
0.8382912874221802
0.9096530675888062
0.9096530675888062
0.6286490559577942
0.8201236128807068
0.9197487235069275
0.8886823058128357
0.8907075524330139
0.15178951621055603
0.9052932858467102
0.8582116365432739
0.3733198642730713
0.8738756775856018
0.8480224609375
0.8791624903678894
0.8995622992515564
0.2139500379562378
0.9016515612602234
0.8035145998001099
0.740990400314331
0.8548370003700256
0.2921859920024872
0.8571730256080627
0.857170820236206
0.8723632097244263
0.8013970255851746
0.15038137137889862
0.6522964835166931
0.7039421796798706
0.20025479793548584
0.8023757934570312
0.7802557349205017
0.807877779006958
0.7802556753158569
0.5150282979011536
0.7262402176856995
0.7909840941429138
0.3480013608932495
0.8590959906578064
0.14812162518501282
0.7735915184020996
0.8009526133537292
0.874410092830658
0.3907913267612457
0.7764984965324402
0.8470759987831116
0.867560863494873
0.8362685441970825
0.16339367628097534
0.8247096538543701
0.179282546043396
0.8239637017250061
0.4591750502586365
0.7888217568397522
0.7779583930969238
0.3289317488670349
0.7727511525154114
0.7221168875694275
0.7367022037506104
0.8022943139076233
0.7712945342063904
0.9251225590705872
0.8814069628715515
0.7419614195823669
0.19866850972175598
0.9174826145172119
0.9130687117576599
0.7897698283195496
0.7686216831207275
0.7856225371360779
0.7996630668640137
0.159526526927948
0.4141136705875397
0.1607980728149414
0.5855018496513367
0.7578215003013611
0.7950014472007751
0.23575769364833832
0.6198283433914185
0.888275682926178
0.8815402388572693
0.3759579658508301
0.8200891613960266
0.8129302859306335
0.8605780601501465
0.7259166240692139
0.8025652766227722
0.7584230899810791
0.1546623408794403
0.8510259985923767
0.4938451945781708
0.8912131786346436
0.8752055764198303
0.8796846866607666
0.15404865145683289
0.39817944169044495
0.8278597593307495
0.7108932137489319
0.6325516104698181
0.15287086367607117
0.575523316860199
0.22516299784183502
0.705706775188446
0.5076156258583069
0.8516934514045715
0.8459730744361877
0.8714662194252014
0.844006359577179
0.9339408278465271
0.8684009313583374
0.8678160309791565
0.8528059124946594
0.8528059124946594
0.783639132976532
0.31869468092918396
0.17647238075733185
0.7687528133392334
0.8767278790473938
0.42942652106285095
0.7269883155822754
0.755976140499115
0.4470796287059784
0.8166708946228027
0.7730318903923035
0.7686887979507446
0.7954515814781189
0.7989393472671509
0.831127941608429
0.4373994767665863
0.6635832786560059
0.7188926935195923
0.7456538081169128
0.7330874800682068
0.7438179850578308
0.42297419905662537
0.7166600823402405
0.8162825107574463
0.47940441966056824
0.9156939387321472
0.16116587817668915
0.292827844619751
0.7862284183502197
0.7557955980300903
0.7332830429077148
0.7963659167289734
0.6972017288208008
0.7474910616874695
0.7371616959571838
0.6856679320335388
0.7506945729255676
0.45709773898124695
0.1408577710390091
0.21234765648841858
0.8570756316184998
0.7687416672706604
0.6833476424217224
0.7342854142189026
0.8835628628730774
0.8681679964065552
0.8210751414299011
0.31410419940948486
0.621691882610321
0.8936576843261719
0.6603744626045227
0.19037257134914398
0.6981105208396912
0.32778388261795044
0.6230124831199646
0.6105537414550781
0.167258158326149
0.8849963545799255
0.8785753846168518
0.22536009550094604
0.8900113701820374
0.9104446172714233
0.34204739332199097
0.7558985948562622
0.5543543696403503
0.6678839325904846
0.13910698890686035
0.8812876343727112
0.4750008285045624
0.8187095522880554
0.8880675435066223
0.8209807276725769
0.8687105178833008
0.8929559588432312
0.9642164707183838
0.9555755257606506
0.28599321842193604
0.9369015097618103
0.9642164707183838
0.9580680727958679
0.17262786626815796
0.833605945110321
0.8648725152015686
0.2791996896266937
0.8296007513999939
0.7775379419326782
0.4611302316188812
0.821493923664093
0.18278507888317108
0.8083314299583435
0.8560727834701538
0.8598595261573792
0.8156045079231262
0.8334214091300964
0.823993980884552
0.704044759273529
0.4350340664386749
0.8243086934089661
0.8527228236198425
0.8280697464942932
0.3412165343761444
0.62503582239151
0.15393474698066711
0.6778362989425659
0.7515042424201965
0.8437082171440125
0.7265148758888245
0.36781153082847595
0.36013010144233704
0.726266086101532
0.8064471483230591
0.6958927512168884
0.2601548731327057
0.7913367748260498
0.7234021425247192
0.7284508347511292
0.7638052105903625
0.7611493468284607
0.4644041955471039
0.7570053935050964
0.6742910742759705
0.5638366341590881
0.4259360730648041
0.768681526184082
0.3406614661216736
0.16313868761062622
0.23232030868530273
0.7518244385719299
0.8037049174308777
0.8753753304481506
0.5303961038589478
0.8919516205787659
0.5117482542991638
0.16540595889091492
0.7973561882972717
0.7603170871734619
0.6007698178291321
0.7791181206703186
0.8061119914054871
0.646542489528656
0.8551567196846008
0.4835267961025238
0.8302622437477112
0.8152329325675964
0.6451675891876221
0.1735524833202362
0.16719311475753784
0.8937687277793884
0.8685805797576904
0.5091317296028137
0.8921303749084473
0.8804823756217957
0.848016083240509
0.8244605660438538
0.7328329682350159
0.8207409977912903
0.3351467251777649
0.8064611554145813
0.16582264006137848
0.8543429374694824
0.8497664332389832
0.84409099817276
0.8606522679328918
0.3492579758167267
0.9182570576667786
0.9111217856407166
0.9269258379936218
0.24812045693397522
0.9078243970870972
0.9199967980384827
0.790522038936615
0.15872669219970703
0.8190450072288513
0.8771692514419556
0.376521497964859
0.8387624621391296
0.7789469361305237
0.17364339530467987
0.4418744742870331
0.3434958755970001
0.8307555317878723
0.6626012921333313
0.9154574275016785
0.8743494153022766
0.8271215558052063
0.49655649065971375
0.8866087794303894
0.87757807970047
0.7929336428642273
0.7021911144256592
0.2542157769203186
0.6755470633506775
0.7465203404426575
0.7354039549827576
0.7291404008865356
0.20417100191116333
0.7849072813987732
0.7841374278068542
0.7127535939216614
0.7405384182929993
0.7192630171775818
0.9369497895240784
0.40014156699180603
0.9034551978111267
0.7669700980186462
0.5533623099327087
0.7381868958473206
0.8188631534576416
0.8473735451698303
0.8376074433326721
0.23625126481056213
0.8057131767272949
0.7789279222488403
0.7880359292030334
0.8740742206573486
0.8652089834213257
0.8643282055854797
0.3730352222919464
0.8267061114311218
0.16568224132061005
0.8109557628631592
0.8553361892700195
0.3276399075984955
0.8347771763801575
0.2739093005657196
0.14753995835781097
0.8781754374504089
0.8917717933654785
0.9111522436141968
0.8884764313697815
0.8050481081008911
0.8079630732536316
0.7740737795829773
0.8013681173324585
0.7919480204582214
0.25138941407203674
0.6497995853424072
0.3374442160129547
0.8506258726119995
0.6784853339195251
0.5365524888038635
0.6799276471138
0.397983193397522
0.913573682308197
0.918232262134552
0.15174317359924316
0.8686944842338562
0.8875843286514282
0.7029612064361572
0.647042453289032
0.6989863514900208
0.3081713616847992
0.7140230536460876
0.7557709813117981
0.8715097308158875
0.18627876043319702
0.7960394024848938
0.8065844178199768
0.9082066416740417
0.4707382023334503
0.4868822395801544
0.481790155172348
0.5407450795173645
0.6163793206214905
0.7154123187065125
0.18018755316734314
0.838800847530365
0.8207400441169739
0.27055543661117554
0.14713704586029053
0.21338942646980286
0.8446686863899231
0.771145224571228
0.6758862137794495
0.5520069003105164
0.7414637207984924
0.7420653104782104
0.17333103716373444
0.9033719897270203
0.897888720035553
0.9051771759986877
0.49746713042259216
0.9155343770980835
0.9057115316390991
0.5507327914237976
0.6303846836090088
0.2441420555114746
0.7000746726989746
0.7130153775215149
0.16703757643699646
0.8651448488235474
0.7840378880500793
0.871627926826477
0.8478274941444397
0.23377834260463715
0.8458104133605957
0.861388623714447
0.8781004548072815
0.8605812191963196
0.8212599754333496
0.19404521584510803
0.8037561178207397
0.22310298681259155
0.8840940594673157
0.9607953429222107
0.9019232392311096
0.7176573872566223
0.953864574432373
0.801516592502594
0.8207074999809265
0.8635461926460266
0.8677586913108826
0.8093716502189636
0.2167890965938568
0.9231993556022644
0.2311650514602661
0.9395507574081421
0.9147283434867859
0.9296168684959412
0.8780412673950195
0.7906163930892944
0.8002927899360657
0.8079761862754822
0.7729875445365906
0.8048591613769531
0.2617934048175812
0.8560354113578796
0.7834287881851196
0.8163065314292908
0.7322272658348083
0.8416116237640381
0.39932283759117126
0.8976849913597107
0.8579075932502747
0.8911212086677551
0.38886234164237976
0.9288889169692993
0.9280852675437927
0.6908302307128906
0.6620680689811707
0.3765859305858612
0.6478510499000549
0.7468441128730774
0.6675195097923279
0.8358460664749146
0.7501353621482849
0.7955158352851868
0.7482969164848328
0.4041767120361328
0.7726519703865051
0.1564699113368988
0.49527373909950256
0.7510037422180176
0.8023243546485901
0.8506935238838196
0.8517497777938843
0.6754519939422607
0.7879982590675354
0.8116944432258606
0.2475384771823883
0.8332531452178955
0.8202818632125854
0.9180881381034851
0.9102908968925476
0.851987898349762
0.8971226811408997
0.7650424838066101
0.23753246665000916
0.407735675573349
0.7705825567245483
0.8064688444137573
0.7776771783828735
0.7645655870437622
0.7638700008392334
0.8983646035194397
0.3417576849460602
0.8856233358383179
0.14384445548057556
0.8678764700889587
0.8926286101341248
0.70208340883255
0.6907753348350525
0.7061547636985779
0.31257298588752747
0.6573777794837952
0.7058913111686707
0.1464778333902359
0.7755000591278076
0.2074396014213562
0.7287383675575256
0.7562106251716614
0.8402040600776672
0.8098164200782776
0.8531197905540466
0.8785578608512878
0.275454044342041
0.829243004322052
0.8581989407539368
0.5043878555297852
0.30544304847717285
0.717945396900177
0.2889389097690582
0.6764639019966125
0.6499195098876953
0.7531070709228516
0.619742214679718
0.7006856799125671
0.2261173278093338
0.8104802966117859
0.14796054363250732
0.4622059464454651
0.8123132586479187
0.6487275958061218
0.8771401047706604
0.8385786414146423
0.8279792666435242
0.7083451151847839
0.7354472279548645
0.7155991196632385
0.8916259407997131
0.450627863407135
0.8017269372940063
