0.9064632058143616
0.8985664248466492
0.8286728262901306
0.31636905670166016
0.8724003434181213
0.9637908935546875
0.38435736298561096
0.9565107226371765
0.9050493836402893
0.8894742131233215
0.7987349033355713
0.8459568023681641
0.8866453766822815
0.9279197454452515
0.9196644425392151
0.9298803210258484
0.33885449171066284
0.9729234576225281
0.8589983582496643
0.8640802502632141
0.9129387736320496
0.905089795589447
0.37849825620651245
0.9686760902404785
0.9256924986839294
0.9714465737342834
0.9298873543739319
0.47366246581077576
0.9242979288101196
0.936535656452179
0.8545994162559509
0.38040345907211304
0.9204046726226807
0.9757199883460999
0.9094192385673523
0.8653621673583984
0.8421006798744202
0.6649519801139832
0.2525852620601654
0.9706982970237732
0.9240626096725464
0.800176203250885
0.8808745741844177
0.8915393948554993
0.3300541937351227
0.9730042815208435
0.8969374299049377
0.7682254910469055
0.8638967871665955
0.8804685473442078
0.753534197807312
0.3045535385608673
0.8362786769866943
0.9547258019447327
0.8978151082992554
0.29708045721054077
0.7955256104469299
0.9593772292137146
0.8454936146736145
0.24051544070243835
0.9048370718955994
0.8394514918327332
0.8601283431053162
0.6956309676170349
0.9194084405899048
0.990662693977356
0.9004592299461365
0.9668667912483215
0.3920159637928009
0.8923268914222717
0.8744293451309204
0.829939067363739
0.33950740098953247
0.9282042384147644
0.8441322445869446
0.8920863270759583
0.9285603761672974
0.9754646420478821
0.7280533909797668
0.8939748406410217
0.31560155749320984
0.8186326622962952
0.8319675922393799
0.9592171907424927
0.3544607162475586
0.8432859778404236
0.7837275862693787
0.8522291779518127
0.7591255903244019
0.9497310519218445
0.8855748772621155
0.5131677389144897
0.7645766139030457
0.9141937494277954
0.911018431186676
0.9865819215774536
0.8072247505187988
0.5791365504264832
0.8371524214744568
0.9707757234573364
0.29629239439964294
0.8169813752174377
0.8808185458183289
0.8645774126052856
0.8834905028343201
0.9497717618942261
0.8754990696907043
0.2745697498321533
0.3752039968967438
0.7993617057800293
0.8139625191688538
0.8385963439941406
0.7478620409965515
0.9668561220169067
0.8759717345237732
0.3884570300579071
0.8898550868034363
0.9596822261810303
0.8181911110877991
0.8890597224235535
0.9391816258430481
0.9133878350257874
0.2923785150051117
0.9735341668128967
0.9488903880119324
0.9509935975074768
0.8617051243782043
0.818508505821228
0.7337582111358643
0.8715806007385254
0.38593772053718567
0.9620714783668518
0.7449313998222351
0.35591161251068115
0.704118549823761
0.6883695125579834
0.7570375800132751
0.9777869582176208
0.6341541409492493
0.714956521987915
0.8298056721687317
0.9530768394470215
0.3162233233451843
0.7908656001091003
0.8535725474357605
0.7725176811218262
0.7195334434509277
0.911444365978241
0.3257085382938385
0.960548460483551
0.8524950742721558
0.8601219058036804
0.8725165128707886
0.3483321964740753
0.8592717051506042
0.9460349678993225
0.6937645077705383
0.7174872756004333
0.576867938041687
0.3190670311450958
0.7950320839881897
0.9523435235023499
0.9127109050750732
0.46463707089424133
0.8968695998191833
0.9807611107826233
0.9374557137489319
0.9561670422554016
0.3455086946487427
0.7899428009986877
0.7463821172714233
0.8104264140129089
0.849283754825592
0.972268283367157
0.8263397812843323
0.9183178544044495
0.3447839915752411
0.6580786108970642
0.8928873538970947
0.9672060012817383
0.8339333534240723
0.9638448357582092
0.37327486276626587
0.8364995121955872
0.7804681062698364
0.7616235613822937
0.7312864661216736
0.38036254048347473
0.9139522910118103
0.9391118884086609
0.8810378313064575
0.9866687655448914
0.30394628643989563
0.9245187640190125
0.8824489712715149
0.9805055856704712
0.8364080786705017
0.9230545163154602
0.8088089823722839
0.9634001851081848
0.8164153695106506
0.7376735806465149
0.3721025288105011
0.8288525342941284
0.8087427616119385
0.9160864949226379
0.869677722454071
0.9720324277877808
0.6867459416389465
0.5503424406051636
0.40460920333862305
0.953860342502594
0.7167134881019592
0.8282420039176941
0.8073962330818176
0.7084086537361145
0.36781179904937744
0.7113326191902161
0.3354044556617737
0.9611112475395203
0.7861456871032715
0.8063200116157532
0.8455730080604553
0.9221052527427673
0.9246448874473572
0.2726036012172699
0.871049702167511
0.9692229628562927
0.6612688899040222
0.8025919795036316
0.8371679186820984
0.4213475286960602
0.7396051287651062
0.9750723242759705
0.8683549761772156
0.9559918642044067
0.8658433556556702
0.3090417683124542
0.8296683430671692
0.7231822609901428
0.4145667850971222
0.9284734129905701
0.9251002073287964
0.9846183657646179
0.8950209021568298
0.9202225804328918
0.6369034051895142
0.7898745536804199
0.6469103693962097
0.9799831509590149
0.47319167852401733
0.8878845572471619
0.8441938757896423
0.8839613795280457
0.34355756640434265
0.9427713751792908
0.8411185145378113
0.8623079657554626
0.7904537320137024
0.8239132165908813
0.8699123859405518
0.9505637288093567
0.8347032070159912
0.348519891500473
0.7677480578422546
0.9550157785415649
0.3236267566680908
0.8930292725563049
0.8530182242393494
0.8123175501823425
0.4893840253353119
0.8625919818878174
0.8043179512023926
0.9555047750473022
0.8999841809272766
0.8412126302719116
0.874193012714386
0.9738103747367859
0.9094032645225525
0.40788719058036804
0.9202772378921509
0.834724485874176
0.979378879070282
0.9926989674568176
0.9808457493782043
0.42613881826400757
0.9855527281761169
0.979378879070282
0.8875640034675598
0.9735060334205627
0.8279319405555725
0.7481010556221008
0.7653802037239075
0.41732296347618103
0.8048401474952698
0.9103986620903015
0.7819730639457703
0.33135923743247986
0.5501342415809631
0.2953518033027649
0.8828557729721069
0.8429986834526062
0.8844608664512634
0.9665599465370178
0.3827117383480072
0.8576129078865051
0.7882161736488342
0.9595281481742859
0.8565990328788757
0.6621150970458984
0.8858864903450012
0.3094179332256317
0.9036850333213806
0.9678316712379456
0.8967351317405701
0.9091224670410156
0.8639350533485413
0.433207631111145
0.8276107907295227
0.6673892140388489
0.8809806704521179
0.3611287474632263
0.8514735102653503
0.9447233080863953
0.7765170931816101
0.8446893692016602
0.7273517847061157
0.31378188729286194
0.7125058174133301
0.9436591267585754
0.795821487903595
0.333719938993454
0.8595588803291321
0.9413966536521912
0.8192408084869385
0.7732965350151062
0.9547458291053772
0.9287096261978149
0.8867689967155457
0.5733247399330139
0.94106525182724
0.9891133308410645
0.8283474445343018
0.34439513087272644
0.8945021033287048
0.9229538440704346
0.8175309896469116
0.9738715291023254
0.8860808610916138
0.3363620340824127
0.830106794834137
0.9645804762840271
0.8134395480155945
0.8414357304573059
0.28844454884529114
0.8399956822395325
0.8803867101669312
0.8038361668586731
0.8371383547782898
0.9580219388008118
0.9447044730186462
0.9826428890228271
0.8687368035316467
0.3643348813056946
0.9339236617088318
0.8483232259750366
0.3564493954181671
0.3301753103733063
0.5128931999206543
0.7955275177955627
0.7414513826370239
0.9056745171546936
0.9301501512527466
0.9416840672492981
0.8955217003822327
0.9402938485145569
0.4250868260860443
0.9737449288368225
0.8730717301368713
0.8804417252540588
0.3117119073867798
0.9363153576850891
0.8376582860946655
0.7950683236122131
0.9287523627281189
0.9304482936859131
0.8881761431694031
0.740435779094696
0.392515629529953
0.9688587188720703
0.8810186386108398
0.9737071394920349
0.8365525603294373
0.9047611355781555
0.8350582718849182
0.3679884374141693
0.21739137172698975
0.7806717157363892
0.8952497243881226
0.9596544504165649
0.8832967877388
0.8281505703926086
0.8287141919136047
0.8134486079216003
0.8712351322174072
0.8538808226585388
0.4281698763370514
0.9786667227745056
0.28598707914352417
0.8482006788253784
0.8287922143936157
0.9330328106880188
0.7117738723754883
0.7712095379829407
0.778285801410675
0.8719903826713562
0.29286471009254456
0.9507347941398621
0.6428727507591248
0.7206847667694092
0.5996364951133728
0.7480300068855286
0.7908077836036682
0.9432366490364075
0.8199874758720398
0.2182394564151764
0.8608562350273132
0.9819815754890442
0.7894583940505981
0.7804257273674011
0.8510711789131165
0.324968546628952
0.3189848065376282
0.9793834686279297
0.941892147064209
0.9560955762863159
0.937091052532196
0.7318604588508606
0.8729338645935059
0.9084505438804626
0.897188663482666
0.8635274171829224
0.27245447039604187
0.9623843431472778
0.8600760698318481
0.561676025390625
0.8741407990455627
0.9644920825958252
0.6829836964607239
0.37298017740249634
0.9457237720489502
0.35726311802864075
0.913318932056427
0.9543800950050354
0.9436537027359009
0.9812535643577576
0.9307868480682373
0.9644659161567688
0.9050642848014832
0.4075722098350525
0.8797052502632141
0.8505814671516418
0.9122170805931091
0.8935002088546753
0.8658671975135803
0.980405867099762
0.3999577462673187
0.8481815457344055
0.2932679355144501
0.8393438458442688
0.8402912020683289
0.6732766032218933
0.7574037909507751
0.9467050433158875
0.8881195187568665
0.983877420425415
0.32773149013519287
0.9292792081832886
0.8901088833808899
0.6249098181724548
0.9003291726112366
0.834880530834198
0.726030170917511
0.31642502546310425
0.9300299882888794
0.9740044474601746
0.5736363530158997
0.8578330278396606
0.882839024066925
0.9203551411628723
0.9308385252952576
0.9788793921470642
0.8612712025642395
0.8113566040992737
0.40301772952079773
0.8338485360145569
0.8666031956672668
0.968289315700531
0.5365076661109924
0.821303129196167
0.8540245890617371
0.9418318271636963
0.2535240054130554
0.8357624411582947
0.8916498422622681
0.9293456673622131
0.9195953607559204
0.9790990352630615
0.8894667029380798
0.3707149624824524
0.8767820596694946
0.8073750138282776
0.40931597352027893
0.9700136780738831
0.8290113806724548
0.513370931148529
0.7718375325202942
0.7676283717155457
0.7686592936515808
0.718766450881958
0.34731459617614746
0.9327311515808105
0.7281323075294495
0.9086335301399231
0.9146506786346436
0.36198481917381287
0.9144638180732727
0.9676415324211121
0.838900625705719
0.3800452649593353
0.892556369304657
0.8920730948448181
0.7778728604316711
0.9344801902770996
0.8888182640075684
0.9177490472793579
0.9212515950202942
0.9797554612159729
0.40244439244270325
0.8869957327842712
0.8465303182601929
0.9276936054229736
0.3100789487361908
0.6388612389564514
0.8486606478691101
0.8384529948234558
0.7568042278289795
0.9661694169044495
0.8783465027809143
0.3497143089771271
0.9234382510185242
0.823064386844635
0.6504287123680115
0.45469480752944946
0.4917463958263397
0.9713916182518005
0.6042831540107727
0.6836495399475098
0.9158850312232971
0.64869624376297
0.8974908590316772
0.9649202227592468
0.8737843632698059
0.28424009680747986
0.6537851691246033
0.8609024882316589
0.49915263056755066
0.9769203662872314
0.918291449546814
0.8042298555374146
0.6454258561134338
0.7799649834632874
0.8031778931617737
0.9724420309066772
0.41997143626213074
0.8604303598403931
0.8524485230445862
0.7593589425086975
0.25092223286628723
0.7723140120506287
0.30499282479286194
0.9511526226997375
0.9222008585929871
0.33304598927497864
0.8938767910003662
0.9013167023658752
0.9102057814598083
0.9655395150184631
0.30880841612815857
0.9482831954956055
0.845417857170105
0.7640102505683899
0.756710410118103
0.793632447719574
