0.44065168499946594
0.5327839851379395
0.6230759024620056
0.5742279887199402
0.36217841506004333
0.89427250623703
0.3926563560962677
0.8743812441825867
0.7159936428070068
0.6120682954788208
0.5864618420600891
0.7246096730232239
0.8089813590049744
0.7409886717796326
0.406014084815979
0.5295583605766296
0.5881344676017761
0.8973732590675354
0.7353411912918091
0.8951764702796936
0.7731783986091614
0.37540116906166077
0.6267618536949158
0.7310904264450073
0.3632682263851166
0.7733269333839417
0.7877222299575806
0.8857609033584595
0.7481565475463867
0.7046962976455688
0.5015044808387756
0.41918012499809265
0.6146765351295471
0.8867462277412415
0.5884413123130798
0.571171224117279
0.5484034419059753
0.9383903741836548
0.6577538847923279
0.5401358008384705
0.6552324891090393
0.5448278784751892
0.579376220703125
0.6877217292785645
0.7650713324546814
0.8871058225631714
0.37932994961738586
0.7171414494514465
0.38694390654563904
0.6912556886672974
0.6512091755867004
0.644746720790863
0.7260024547576904
0.878126859664917
0.5890576243400574
0.8624948859214783
0.6725955009460449
0.5198488235473633
0.3338721692562103
0.6415186524391174
0.5621502995491028
0.7155024409294128
0.7231473326683044
0.45656803250312805
0.7460129261016846
0.9274473786354065
0.7636757493019104
0.8798398375511169
0.7097566723823547
0.32904133200645447
0.7956661581993103
0.7770307064056396
0.4561261236667633
0.6733568906784058
0.736598789691925
0.692534327507019
0.5578778982162476
0.8945993781089783
0.7008028626441956
0.7500295639038086
0.5996267795562744
0.8620360493659973
0.7496914267539978
0.35815486311912537
0.6912330985069275
0.8552095890045166
0.711925208568573
0.7306897044181824
0.7019163966178894
0.33826297521591187
0.6731018424034119
0.9285138249397278
0.5901481509208679
0.6368710398674011
0.43978479504585266
0.5897197127342224
0.665354311466217
0.8647221922874451
0.5872704386711121
0.5595656037330627
0.43536487221717834
0.6531757712364197
0.38501471281051636
0.6204623579978943
0.6220036149024963
0.8431196212768555
0.5739862322807312
0.6810300350189209
0.6980701684951782
0.6874030828475952
0.3998435437679291
0.6164626479148865
0.6484575271606445
0.9212213158607483
0.5921797156333923
0.5612221956253052
0.6414918303489685
0.529024064540863
0.3705412447452545
0.8756418824195862
0.5288789868354797
0.5649207830429077
0.6520146131515503
0.8654140830039978
0.3768517076969147
0.6906030178070068
0.5728281736373901
0.542838990688324
0.5782523155212402
0.8865699768066406
0.6659489274024963
0.3997251093387604
0.6999991536140442
0.6621838212013245
0.3436664938926697
0.9269457459449768
0.4235685467720032
0.6037762761116028
0.5835272669792175
0.609972357749939
0.4597911536693573
0.4458196461200714
0.6218907833099365
0.8595456480979919
0.794672429561615
0.4638179838657379
0.7277451157569885
0.9211004376411438
0.7077376246452332
0.6525108814239502
0.7012589573860168
0.891109049320221
0.7916014790534973
0.7287183403968811
0.35534194111824036
0.7201137542724609
0.3310854136943817
0.9012879729270935
0.4842475950717926
0.6975915431976318
0.6820831298828125
0.3774118721485138
0.5355108976364136
0.9206277132034302
0.5135512948036194
0.538476288318634
0.491464763879776
0.6280269026756287
0.6830455660820007
0.3935192823410034
0.7225253582000732
0.873879611492157
0.5241096019744873
0.7150629162788391
0.5670194625854492
0.6373230814933777
0.5230111479759216
0.3872164189815521
0.5171089768409729
0.8505067229270935
0.6831566691398621
0.6291671991348267
0.4144603908061981
0.5101339817047119
0.6756436824798584
0.8656545281410217
0.4397159218788147
0.4380011260509491
0.4801015853881836
0.953761100769043
0.43916335701942444
0.6311154961585999
0.6574309468269348
0.7512842416763306
0.6712267994880676
0.9132336974143982
0.6528539061546326
0.4349474310874939
0.6003915667533875
0.5528558492660522
0.5988366007804871
0.4892398416996002
0.5686459541320801
0.8624081015586853
0.7645538449287415
0.6450360417366028
0.6329023241996765
0.6585049033164978
0.40134167671203613
0.8993203043937683
0.3651670515537262
0.8170697093009949
0.6594135165214539
0.673373281955719
0.6246423125267029
0.6123448610305786
0.3227882385253906
0.6352447867393494
0.5751969218254089
0.809737503528595
0.5633872151374817
0.4989997446537018
0.340514600276947
0.8656187653541565
0.598092257976532
0.6035889983177185
0.6618713736534119
0.4560312330722809
0.729518473148346
0.621036946773529
0.6008299589157104
0.8872370719909668
0.6464006304740906
0.38907918334007263
0.5617515444755554
0.8412086367607117
0.6151499152183533
0.6616040468215942
0.6989018321037292
0.3737737834453583
0.6047839522361755
0.5301362872123718
0.7556318640708923
0.8165888786315918
0.5571557879447937
0.9424566626548767
0.413924902677536
0.545143723487854
0.4467014670372009
0.5153449177742004
0.7242375016212463
0.9366201758384705
0.6380459666252136
0.848587691783905
0.6589431166648865
0.4386883080005646
0.7046646475791931
0.7574451565742493
0.6469414830207825
0.6152033805847168
0.6444216966629028
0.6545231938362122
0.43565070629119873
0.8768935203552246
0.6768321394920349
0.888863742351532
0.6961718201637268
0.487036794424057
0.6871480941772461
0.5914813876152039
0.5317674279212952
0.864885151386261
0.5419005751609802
0.673098623752594
0.6513192057609558
0.4049336612224579
0.7601917386054993
0.5119065642356873
0.7291609048843384
0.7068691849708557
0.3927280306816101
0.9343505501747131
0.39513739943504333
0.6512628197669983
0.6222869753837585
0.890438973903656
0.6696022152900696
0.6311852335929871
0.6802566647529602
0.8882631659507751
0.4300996959209442
0.6624089479446411
0.5587871670722961
0.6111316084861755
0.6462447643280029
0.8417167067527771
0.5944632887840271
0.3764207363128662
0.465996652841568
0.645866870880127
0.6558250784873962
0.3630736470222473
0.47665390372276306
0.6868582963943481
0.537526547908783
0.8774480819702148
0.5678693652153015
0.8654154539108276
0.6307186484336853
0.6396111249923706
0.47743090987205505
0.5722680687904358
0.5699450373649597
0.4180644452571869
0.5926626324653625
0.7675181031227112
0.6371122002601624
0.870274543762207
0.40150609612464905
0.668292224407196
0.642823338508606
0.686585009098053
0.67216557264328
0.8392807841300964
0.559142529964447
0.5772577524185181
0.6547002196311951
0.8356776833534241
0.6486047506332397
0.4357832968235016
0.39777421951293945
0.8377404808998108
0.556536853313446
0.6971718668937683
0.6895421147346497
0.6528145670890808
0.7210347056388855
0.9321911334991455
0.6474608778953552
0.4095168709754944
0.4694446921348572
0.7603197693824768
0.5990159511566162
0.6311803460121155
0.33088406920433044
0.7317406535148621
0.5356048345565796
0.8770559430122375
0.36284008622169495
0.6710385680198669
0.5955858826637268
0.6145453453063965
0.4391803741455078
0.8630321025848389
0.7945045828819275
0.6118029952049255
0.7959422469139099
0.9125934839248657
0.6994683742523193
0.6194684505462646
0.4726679027080536
0.8016434907913208
0.7134917378425598
0.6444433331489563
0.6982987523078918
0.899800717830658
0.2844981849193573
0.5510848164558411
0.5397509932518005
0.8776416778564453
0.4734593629837036
0.5724954605102539
0.6130596399307251
0.8934978246688843
0.34746602177619934
0.6798017024993896
0.44224226474761963
0.6945170760154724
0.5235540270805359
0.5783067345619202
0.5421435236930847
0.8902373909950256
0.3317207098007202
0.5693747401237488
0.6548215746879578
0.42018434405326843
0.5219245553016663
0.8577324748039246
0.6419487595558167
0.5976679921150208
0.6275381445884705
0.37418627738952637
0.7056275606155396
0.6428540349006653
0.6699877977371216
0.8593073487281799
0.6972367167472839
0.6594730019569397
0.43400952219963074
0.7643977403640747
0.7281602025032043
0.8453397154808044
0.6750853657722473
0.7210953831672668
0.5926137566566467
0.735066831111908
0.3535454273223877
0.8654345870018005
0.6835989356040955
0.354558527469635
0.6329845786094666
0.6083446145057678
0.5645108819007874
0.8009642362594604
0.692776620388031
0.8570117354393005
0.6133390069007874
0.32198622822761536
0.7085782289505005
0.7338688969612122
0.5659559369087219
0.5014108419418335
0.7165619730949402
0.3458985388278961
0.6029268503189087
0.8584532141685486
0.31963714957237244
0.7004585862159729
0.652838408946991
0.8871541023254395
0.5983964800834656
0.6585620045661926
0.6725835800170898
0.9097216129302979
0.3437437415122986
0.7671643495559692
0.7062844634056091
0.6360346674919128
0.2679085433483124
0.6122691035270691
0.7444354891777039
0.8579235672950745
0.5742977857589722
0.6232582926750183
0.7091313004493713
0.9072202444076538
0.6559818983078003
0.48546093702316284
0.7284970879554749
0.34269723296165466
0.3273473083972931
0.6861206889152527
0.6476660370826721
0.6810636520385742
0.6735778450965881
0.8620148301124573
0.7950141429901123
0.37630558013916016
0.7739446759223938
0.8998531699180603
0.6476934552192688
0.6947165727615356
0.7050250768661499
0.8852681517601013
0.7126546502113342
0.6774969696998596
0.6355542540550232
0.43261024355888367
0.5775812864303589
0.30892446637153625
0.6524455547332764
0.8256924748420715
0.5962402820587158
0.5636385083198547
0.7212971448898315
0.6692288517951965
0.772251307964325
0.6963604688644409
0.464186429977417
0.8912427425384521
0.43323907256126404
0.5753039717674255
0.6171666979789734
0.8562725782394409
0.6546100974082947
0.6839892268180847
0.6793360710144043
0.5996502637863159
0.35897591710090637
0.852975070476532
0.5812434554100037
0.5628481507301331
0.6198998093605042
0.9197002053260803
0.4213676452636719
0.5976898074150085
0.6192982196807861
0.5683726668357849
0.5238727927207947
0.8584657311439514
0.6151619553565979
0.41737788915634155
0.5649725198745728
0.5526147484779358
0.4940197169780731
0.6078346371650696
0.7018849849700928
0.7549646496772766
0.7209936380386353
0.8588941693305969
0.6068507432937622
0.9147914052009583
0.4151057004928589
0.6323766708374023
0.5301656126976013
0.4217744767665863
0.39814475178718567
0.6385224461555481
0.5435948967933655
0.8634719252586365
0.5585606694221497
0.6849953532218933
0.6591023802757263
0.8627007603645325
0.5895134210586548
0.3844625651836395
0.6506962180137634
0.6077411770820618
0.611033022403717
0.8172706365585327
0.6512798070907593
0.2853677272796631
0.5630660057067871
0.5194746851921082
0.5032402873039246
0.8435133099555969
0.5966460704803467
0.5259594917297363
0.4345954358577728
0.511350691318512
0.5872535109519958
0.5269971489906311
0.6306463479995728
0.5021329522132874
0.2067049741744995
0.9021422863006592
0.3573421835899353
0.8714541792869568
0.6291621327400208
0.693800687789917
0.6709733009338379
0.6741286516189575
0.5731901526451111
0.4579330086708069
0.6896775364875793
0.7516596913337708
0.6939584016799927
0.898689329624176
0.7015206217765808
0.6993055939674377
0.32546934485435486
0.6725507378578186
0.7607825398445129
0.8464283347129822
0.5906805396080017
0.931329071521759
0.5137722492218018
0.608981192111969
0.3911210000514984
0.5364179611206055
0.4933837354183197
0.7889477014541626
0.5220080018043518
0.3299334645271301
0.32986071705818176
0.4875223934650421
0.7047005891799927
0.38928863406181335
0.6577962040901184
0.6596539616584778
0.6812154650688171
0.8775286674499512
0.7069093585014343
0.9292258620262146
0.4496760070323944
0.604000985622406
0.4164952039718628
0.7734789252281189
0.5849568843841553
0.7120377421379089
0.648360013961792
0.4452058970928192
0.8276938796043396
0.9081839919090271
