0.2193094938993454
0.9343611598014832
0.39202383160591125
0.816443145275116
0.655090868473053
0.7437840104103088
0.8076328635215759
0.9414923191070557
0.8123822212219238
0.3139648735523224
0.7922495007514954
0.6371744275093079
0.7106233239173889
0.27279534935951233
0.3594668507575989
0.9129956364631653
0.6174183487892151
0.701179563999176
0.8028630614280701
0.9485635757446289
0.8523104190826416
0.8049286603927612
0.7207136750221252
0.2319203019142151
0.9051313996315002
0.9596605896949768
0.30346623063087463
0.8190119862556458
0.8277813792228699
0.89210444688797
0.4414955675601959
0.6352583169937134
0.7973548173904419
0.7322741150856018
0.6540566086769104
0.9493516683578491
0.33577293157577515
0.6239287257194519
0.49933114647865295
0.47177550196647644
0.801902174949646
0.9234272837638855
0.900094211101532
0.8909652829170227
0.3291383683681488
0.9755743741989136
0.8130854964256287
0.6067484021186829
0.705331027507782
0.8038244843482971
0.6976247429847717
0.3245132565498352
0.7588281035423279
0.9320703148841858
0.768071711063385
0.9573846459388733
0.2368546426296234
0.8183884024620056
0.6490916609764099
0.8181381821632385
0.7955136895179749
0.8326243758201599
0.822444498538971
0.9466702342033386
0.8124067783355713
0.35346975922584534
0.22254128754138947
0.952655017375946
0.843636691570282
0.9100573062896729
0.8238728642463684
0.7328961491584778
0.6848906874656677
0.2800680696964264
0.9112271666526794
0.23468901216983795
0.858034074306488
0.9568278193473816
0.8004819750785828
0.24862313270568848
0.22337928414344788
0.9260569214820862
0.4792216718196869
0.24511459469795227
0.23223406076431274
0.23745086789131165
0.27607056498527527
0.9380003213882446
0.8483105897903442
0.19808542728424072
0.39390721917152405
0.8686019778251648
0.8279247879981995
0.97406405210495
0.9050326347351074
0.7335228323936462
0.4664044976234436
0.838809609413147
0.44801774621009827
0.9574831128120422
0.3456149995326996
0.8036412596702576
0.32566598057746887
0.8155142664909363
0.5144880414009094
0.9195617437362671
0.695128321647644
0.2529928982257843
0.6614599823951721
0.8039960265159607
0.28611162304878235
0.9644729495048523
0.8855423331260681
0.15802732110023499
0.6705523133277893
0.9546520113945007
0.8327314257621765
0.2195243239402771
0.5685598254203796
0.858318567276001
0.6226089000701904
0.6928170323371887
0.9017952084541321
0.7243048548698425
0.30249279737472534
0.956682562828064
0.610596239566803
0.7892281413078308
0.3014412224292755
0.6823933720588684
0.22531604766845703
0.9412290453910828
0.7059971690177917
0.35786309838294983
0.4466065764427185
0.9024474024772644
0.29587116837501526
0.970853328704834
0.7623419761657715
0.5395036339759827
0.34626126289367676
0.9450286030769348
0.37684980034828186
0.8759596347808838
0.22318047285079956
0.725127637386322
0.8659690022468567
0.6962413787841797
0.37800362706184387
0.9523373246192932
0.8149046897888184
0.780261218547821
0.28839635848999023
0.6561645269393921
0.6794499754905701
0.9292002320289612
0.21729791164398193
0.9112842679023743
0.7121934294700623
0.2335233986377716
0.2708703875541687
0.3030220568180084
0.28196245431900024
0.8346541523933411
0.7970841526985168
0.9830105900764465
0.725917637348175
0.9382631778717041
0.6658262610435486
0.9595656991004944
0.8600737452507019
0.23019328713417053
0.30986467003822327
0.8296508193016052
0.45666542649269104
0.9366015791893005
0.29200220108032227
0.7412803769111633
0.5049973130226135
0.6736412644386292
0.8522455096244812
0.9545380473136902
0.5511819124221802
0.35642752051353455
0.7081519961357117
0.25223109126091003
0.8075228929519653
0.3701556324958801
0.3396384119987488
0.7159489393234253
0.7550942301750183
0.9756116271018982
0.8284233212471008
0.8457019925117493
0.2777455747127533
0.9559435248374939
0.2563607096672058
0.3758176565170288
0.4579969346523285
0.9115356206893921
0.28996923565864563
0.21481236815452576
0.6164745688438416
0.439670592546463
0.8104689717292786
0.9610703587532043
0.23413163423538208
0.7577281594276428
0.8066422343254089
0.7903966307640076
0.7527543902397156
0.22407285869121552
0.3778739869594574
0.6879832148551941
0.8405619263648987
0.9458889365196228
0.6822673678398132
0.6394472718238831
0.22335469722747803
0.9342812299728394
0.47032254934310913
0.6457037329673767
0.19669228792190552
0.7827551960945129
0.38478147983551025
0.9653014540672302
0.902309238910675
0.47086748480796814
0.72381192445755
0.8375601768493652
0.2206735610961914
0.9575124382972717
0.30835726857185364
0.2512558400630951
0.3177342414855957
0.5630123019218445
0.6211738586425781
0.2932877242565155
0.568328320980072
0.9443874955177307
0.7240603566169739
0.8566248416900635
0.6444733738899231
0.8601122498512268
0.25106364488601685
0.9771218299865723
0.542123556137085
0.9005627036094666
0.5573975443840027
0.509066641330719
0.5517033338546753
0.2833058834075928
0.7710593938827515
0.6010134220123291
0.4777931869029999
0.9092326760292053
0.1952432096004486
0.2996669113636017
0.32374998927116394
0.8434786200523376
0.8415018916130066
0.9479567408561707
0.25653332471847534
0.7434654235839844
0.41038885712623596
0.2800683379173279
0.32130274176597595
0.2840254306793213
0.826709508895874
0.9462056159973145
0.5077612996101379
0.8585084676742554
0.19895681738853455
0.9448606371879578
0.8468964099884033
0.8652597069740295
0.5229760408401489
0.9736891388893127
0.30863577127456665
0.5758566856384277
0.8154913783073425
0.3078756034374237
0.8130114674568176
0.3580726087093353
0.8644885420799255
0.8934887051582336
0.9341577887535095
0.9784037470817566
0.5298983454704285
0.8224256634712219
0.7795453667640686
0.9505575299263
0.2368474006652832
0.7936094403266907
0.275435209274292
0.3348257839679718
0.7466439604759216
0.29523760080337524
0.27747491002082825
0.9034433960914612
0.771919846534729
0.9672319889068604
0.5061139464378357
0.2627420723438263
0.8129808306694031
0.8368278741836548
0.2012343406677246
0.9274522662162781
0.8387086391448975
0.5265161395072937
0.3903052508831024
0.32110849022865295
0.8255437016487122
0.9599587917327881
0.8330090641975403
0.4752804636955261
0.25621142983436584
0.3138808310031891
0.33145859837532043
0.9402924180030823
0.531013548374176
0.7425864338874817
0.7012807726860046
0.7923954129219055
0.536300778388977
0.31191959977149963
0.6875830292701721
0.44599470496177673
0.8001748919487
0.9222381114959717
0.2243659943342209
0.9633335471153259
0.3467229902744293
0.8234509825706482
0.4875212013721466
0.8312194347381592
0.8845356106758118
0.24036049842834473
0.7610798478126526
0.7924267649650574
0.8948192596435547
0.971624493598938
0.37729611992836
0.20992857217788696
0.8384587168693542
0.5299978256225586
0.42382267117500305
0.9423474073410034
0.8113829493522644
0.3768976628780365
0.6573156714439392
0.2457042932510376
0.2961650788784027
0.9687064290046692
0.8166480660438538
0.23376363515853882
0.40737074613571167
0.9665494561195374
0.8099842667579651
0.8068752884864807
0.45022284984588623
0.9134897589683533
0.2501436173915863
0.9658723473548889
0.7094253897666931
0.5006316304206848
0.49095505475997925
0.20591579377651215
0.7121323943138123
0.896100640296936
0.4043603539466858
0.29905328154563904
0.2150634080171585
0.8620498180389404
0.38584569096565247
0.37093257904052734
0.8257932066917419
0.9501278400421143
0.7318258881568909
0.3623069226741791
0.6782029271125793
0.4266306161880493
0.2859187424182892
0.9422301650047302
0.2226898968219757
0.2615424394607544
0.7987906336784363
0.8597131371498108
0.6100139021873474
0.9478127956390381
0.7813416719436646
0.7136490941047668
0.24695202708244324
0.7971619963645935
0.5435514450073242
0.9378259181976318
0.8194777369499207
0.2985747754573822
0.8023518323898315
0.9365934729576111
0.8534399271011353
0.22421538829803467
0.7373366951942444
0.7770534157752991
0.2515251338481903
0.9600837230682373
0.6649454236030579
0.7587565779685974
0.3646028935909271
0.2673209309577942
0.74117112159729
0.8940126299858093
0.6430848240852356
0.22209013998508453
0.3338075280189514
0.2591816186904907
0.5824028849601746
0.6482791304588318
0.5703715085983276
0.8894455432891846
0.30184438824653625
0.9183173179626465
0.7907262444496155
0.7101154923439026
0.8179087042808533
0.23064200580120087
0.8285319209098816
0.3391701281070709
0.7251266837120056
0.9610703587532043
0.7877824902534485
0.7519099116325378
0.33664438128471375
0.4173758625984192
0.34809449315071106
0.8267551064491272
0.8867325186729431
0.9528281688690186
0.8001868724822998
0.4904204308986664
0.5458306074142456
0.22546173632144928
0.8029213547706604
0.9506608843803406
0.6489855647087097
0.4114739000797272
0.35313084721565247
0.658209502696991
0.27242276072502136
0.9393332004547119
0.34491536021232605
0.7488798499107361
0.8049365878105164
0.6217018961906433
0.2387714385986328
0.9577963948249817
0.40855923295021057
0.9582592844963074
0.5292989611625671
0.25667819380760193
0.8422669768333435
0.40201789140701294
0.18157778680324554
0.40949496626853943
0.6483938097953796
0.8602349162101746
0.7758486866950989
0.9515963792800903
0.7560123205184937
0.9332968592643738
0.6654984354972839
0.815689742565155
0.26239460706710815
0.6725046634674072
0.7149671912193298
0.9547540545463562
0.6969985365867615
0.30971986055374146
0.24922198057174683
0.7945571541786194
0.564245343208313
0.7038277983665466
0.2530499994754791
0.8141798973083496
0.6716225147247314
0.9373819231987
0.23888587951660156
0.3789827525615692
0.8263856768608093
0.9671366810798645
0.7586513161659241
0.418597012758255
0.2353615015745163
0.47274360060691833
0.5630848407745361
0.959722638130188
0.6561319828033447
0.6474441885948181
0.5877007246017456
0.3501994013786316
0.2456781268119812
0.9142085909843445
0.4137853682041168
0.659349262714386
0.48282065987586975
0.9730504751205444
0.6030810475349426
0.9122384786605835
0.9020156860351562
0.23051008582115173
0.31763720512390137
0.3312195837497711
0.4314788281917572
0.45889565348625183
0.8315311074256897
0.9690284132957458
0.7871532440185547
0.23719149827957153
0.4266788065433502
0.4144616425037384
0.5579535961151123
0.9352368116378784
0.8158751130104065
0.2816407084465027
0.798287570476532
0.94013512134552
0.3184947073459625
0.22058112919330597
0.783240795135498
0.24335268139839172
0.8080899715423584
0.9490967988967896
0.85792475938797
0.6948964595794678
0.7106427550315857
0.9310843348503113
0.8031115531921387
0.3228711783885956
0.31381818652153015
0.7135975956916809
0.7313641905784607
0.9056097865104675
0.7212726473808289
0.33727869391441345
0.23425209522247314
0.749390721321106
0.2055887132883072
0.8793581128120422
0.3971329629421234
0.6784189343452454
0.22194774448871613
0.951930582523346
0.2958671748638153
0.9167354106903076
0.6448732614517212
0.43626803159713745
0.5125550627708435
0.42181840538978577
0.4626013934612274
0.9361149668693542
0.2149297147989273
0.7466002106666565
0.823648989200592
0.8508556485176086
0.5903281569480896
0.7948548793792725
0.5099827647209167
0.9797248840332031
0.31838586926460266
0.8219978213310242
0.33152109384536743
0.9438971877098083
0.33650121092796326
0.23324517905712128
0.2573373019695282
0.4292447865009308
0.25939300656318665
0.953944206237793
0.256562739610672
0.261040598154068
0.220841646194458
0.6078878045082092
0.7169727087020874
0.95745450258255
0.36517974734306335
0.7024734020233154
0.6755016446113586
0.6557648777961731
0.3474229872226715
0.9586170315742493
0.6394960880279541
0.45018935203552246
0.3872840106487274
0.3134439289569855
