0.7493197321891785
0.8914615511894226
0.7725600600242615
0.4127325713634491
0.7467862963676453
0.7161276936531067
0.660693883895874
0.8831774592399597
0.6750622391700745
0.6763062477111816
0.6303043961524963
0.41361162066459656
0.6614263653755188
0.677671492099762
0.4652836322784424
0.8852928280830383
0.6726881861686707
0.675287127494812
0.537708580493927
0.6849133372306824
0.6198349595069885
0.8167182803153992
0.5219835638999939
0.38768312335014343
0.35393819212913513
0.6684015393257141
0.6600326299667358
0.6786100268363953
0.6562922596931458
0.9111342430114746
0.6907908320426941
0.715023934841156
0.3649953603744507
0.6259326934814453
0.6882341504096985
0.9311400651931763
0.5830896496772766
0.5700576901435852
0.49620404839515686
0.8721154928207397
0.6302745342254639
0.570212721824646
0.713996946811676
0.9149547219276428
0.737250566482544
0.7130293250083923
0.5470338463783264
0.7154653668403625
0.2880437672138214
0.48929059505462646
0.7189958691596985
0.5003901124000549
0.6452980637550354
0.8781225085258484
0.5178712010383606
0.8766052722930908
0.6105855107307434
0.5869264602661133
0.641880452632904
0.7044658064842224
0.79044109582901
0.945953369140625
0.8524855971336365
0.5590409636497498
0.8524734377861023
0.8524855971336365
0.7081953883171082
0.9149813055992126
0.7036973834037781
0.44661349058151245
0.7112236022949219
0.6445984244346619
0.6276827454566956
0.7298982739448547
0.44429269433021545
0.8990336060523987
0.7257223725318909
0.6679658889770508
0.7406597137451172
0.8699488639831543
0.7499639391899109
0.7345651984214783
0.5152812600135803
0.27099016308784485
0.6193857789039612
0.5255697965621948
0.5342295169830322
0.510558009147644
0.2948777973651886
0.8828983902931213
0.6099528670310974
0.7365058064460754
0.7965314984321594
0.5672871470451355
0.4458419978618622
0.9481968283653259
0.5683042407035828
0.6633705496788025
0.6540936827659607
0.8851187229156494
0.45012953877449036
0.6297840476036072
0.5542193055152893
0.6656373739242554
0.4597989022731781
0.651371419429779
0.655030369758606
0.8882812857627869
0.6587914824485779
0.3931237459182739
0.641431987285614
0.513531506061554
0.6886201500892639
0.9113094210624695
0.7432748675346375
0.4482552707195282
0.4118157923221588
0.8798220753669739
0.6353340744972229
0.623928964138031
0.7350378632545471
0.7647706866264343
0.37990543246269226
0.7673215270042419
0.6496683955192566
0.8781682848930359
0.4429178535938263
0.5534226894378662
0.5930476188659668
0.9044036269187927
0.6365246772766113
0.6643768548965454
0.596494734287262
0.8955243229866028
0.4551483690738678
0.5531269907951355
0.3365875482559204
0.5252323150634766
0.673128068447113
0.8742976188659668
0.7392718195915222
0.7336004376411438
0.7374353408813477
0.4421096742153168
0.44296279549598694
0.8974390029907227
0.5840246081352234
0.558979332447052
0.5808641314506531
0.5491603016853333
0.7918360829353333
0.7823554873466492
0.4053296744823456
0.9067893624305725
0.7786757349967957
0.7788450121879578
0.44600337743759155
0.47247186303138733
0.3736114203929901
0.5072460770606995
0.4794051945209503
0.8217697739601135
0.7340176701545715
0.9603656530380249
0.43185511231422424
0.7375428080558777
0.7131925225257874
0.6451011300086975
0.557812511920929
0.8878824710845947
0.6592273116111755
0.6300280690193176
0.6363315582275391
0.6130688190460205
0.5790190696716309
0.6152623295783997
0.6616193652153015
0.4756891429424286
0.6009373068809509
0.89382404088974
0.3332747220993042
0.4865947961807251
0.4714624881744385
0.4807687997817993
0.5051862597465515
0.8863384127616882
0.544946014881134
0.9311496019363403
0.5238084197044373
0.45786240696907043
0.6083916425704956
0.6083916425704956
0.6235643029212952
0.9290630221366882
0.6052307486534119
0.6678038835525513
0.6598839163780212
0.5314813256263733
0.5179593563079834
0.8606398701667786
0.5096696615219116
0.5652417540550232
0.5122551321983337
0.35149437189102173
0.4070098102092743
0.6493918299674988
0.635016143321991
0.910672128200531
0.6790414452552795
0.598294734954834
0.5964130759239197
0.6807752251625061
0.5891221165657043
0.8420963883399963
0.6423069834709167
0.3617147207260132
0.42655688524246216
0.8971714377403259
0.598135769367218
0.6436764597892761
0.6712345480918884
0.69654780626297
0.48221448063850403
0.4851730763912201
0.3509617745876312
0.48581188917160034
0.4754786789417267
0.8653841614723206
0.4700738489627838
0.8836915493011475
0.6754313111305237
0.5547084212303162
0.613682210445404
0.7042303681373596
0.5917209386825562
0.3564084470272064
0.5563477277755737
0.5737195014953613
0.5485096573829651
0.8799625635147095
0.7208855152130127
0.5512010455131531
0.6423859000205994
0.9159134030342102
0.7253057360649109
0.6095588207244873
0.6773912906646729
0.4839481711387634
0.5997686982154846
0.9201319813728333
0.6624550223350525
0.6567073464393616
0.310351699590683
0.8759167790412903
0.5425066351890564
0.4577177166938782
0.46943268179893494
0.589104413986206
0.5886905789375305
0.7212063670158386
0.7600120306015015
0.8800373077392578
0.4968988001346588
0.7246630787849426
0.5670420527458191
0.5821639895439148
0.6585032343864441
0.41277527809143066
0.6699792742729187
0.8862020373344421
0.5871217250823975
0.35809144377708435
0.5903749465942383
0.8222849369049072
0.5143010020256042
0.5418800711631775
0.7405092120170593
0.9312989115715027
0.5948953032493591
0.7502676844596863
0.5524999499320984
0.6275772452354431
0.6865738034248352
0.5920946002006531
0.7555961608886719
0.9290967583656311
0.5331557393074036
0.5891252756118774
0.4810435175895691
0.5699220299720764
0.6401543617248535
0.8609626293182373
0.6477792859077454
0.5553205013275146
0.603778600692749
0.6235126852989197
0.3899722993373871
0.8258182406425476
0.5074926018714905
0.5632080435752869
0.4117492139339447
0.506666362285614
0.5329335927963257
0.8400833010673523
0.5944954752922058
0.5879172682762146
0.5586556196212769
0.5515775084495544
0.6049241423606873
0.9256418347358704
0.5425528883934021
0.6762735247612
0.6624098420143127
0.9004854559898376
0.442922979593277
0.606899619102478
0.6987432837486267
0.6905409693717957
0.716646134853363
0.7160493731498718
0.7081329226493835
0.7089086174964905
0.5632416009902954
0.9041467308998108
0.622322142124176
0.5687986016273499
0.5190298557281494
0.4451563358306885
0.6302896738052368
0.8691624999046326
0.5697088241577148
0.8949348330497742
0.49737676978111267
0.46657365560531616
0.35266491770744324
0.47164276242256165
0.6566086411476135
0.6658822298049927
0.4436042010784149
0.8170344233512878
0.665005087852478
0.9209669232368469
0.6159391403198242
0.6297733187675476
0.6051537394523621
0.8685820698738098
0.48077788949012756
0.592049777507782
0.4282474219799042
0.9116543531417847
0.7017070651054382
0.5328770279884338
0.7131268978118896
0.6384639739990234
0.6903867125511169
0.7854660153388977
0.3929843008518219
0.9170690178871155
0.6573097109794617
0.691403329372406
0.5173332691192627
0.61058109998703
0.6540428400039673
0.9249267578125
0.682089626789093
0.6864450573921204
0.34746789932250977
0.8575770854949951
0.5316587090492249
0.679738461971283
0.4740797281265259
0.6001418232917786
0.6328373551368713
0.7322965264320374
0.30433574318885803
0.8957099318504333
0.7206262350082397
0.39360469579696655
0.3231341540813446
0.5499193072319031
0.643184244632721
0.8818708658218384
0.6841623187065125
0.6165807247161865
0.6906265020370483
0.8612646460533142
0.6128962635993958
0.4007732570171356
0.6354420781135559
0.5948310494422913
0.33732691407203674
0.9135457873344421
0.5850529074668884
0.7535886168479919
0.5916255712509155
0.6027221083641052
0.3218540847301483
0.5676806569099426
0.6960293650627136
0.6588051915168762
0.6685370206832886
0.8505495190620422
0.462658554315567
0.857612133026123
0.38366347551345825
0.4535152018070221
0.4529799520969391
0.44077029824256897
0.5140610933303833
0.36409154534339905
0.6310364603996277
0.49067264795303345
0.6451680064201355
0.8661027550697327
0.5652366280555725
0.5832340717315674
0.36146339774131775
0.5311133861541748
0.5608120560646057
0.85136479139328
0.5792445540428162
0.5849024057388306
0.5710722208023071
0.8425910472869873
0.5831726789474487
0.3816893994808197
0.7284814119338989
0.5016461610794067
0.41710397601127625
0.7732661366462708
0.4358312487602234
0.9231064915657043
0.40508994460105896
0.7495755553245544
0.6136513352394104
0.6739943623542786
0.7639616131782532
0.9255958795547485
0.6826982498168945
0.8425443768501282
0.5974603295326233
0.18063020706176758
0.6576262712478638
0.5536932945251465
0.6767023205757141
0.6816216111183167
0.6809656023979187
0.9046834111213684
0.46235981583595276
0.6489669680595398
0.41111934185028076
0.8526989817619324
0.6116456389427185
0.5065117478370667
0.6249023675918579
0.6244881749153137
0.38692086935043335
0.8900625109672546
0.6473718285560608
0.6495137810707092
0.6441512703895569
0.7039092779159546
0.4590311348438263
0.436554878950119
0.6813926100730896
0.8801403641700745
0.6989366412162781
0.723511278629303
0.4948813021183014
0.32904019951820374
0.4380069673061371
0.40844252705574036
0.3811716139316559
0.8823223114013672
0.7218459248542786
0.915763795375824
0.5813365578651428
0.5217422842979431
0.34175142645835876
0.5515131950378418
0.4323257803916931
0.5531035661697388
0.5681477189064026
0.47114259004592896
0.5690316557884216
0.8555858731269836
0.35853311419487
0.8800433874130249
0.7010557651519775
0.6250006556510925
0.716010332107544
0.6713694930076599
0.6945570707321167
0.9193024039268494
0.459969162940979
0.724052906036377
0.6740482449531555
0.6489490270614624
0.4066410958766937
0.8974736332893372
0.6478345394134521
0.5769654512405396
0.665108859539032
0.6094082593917847
0.6792195439338684
0.6539604067802429
0.6848713755607605
0.4104706346988678
0.6995609402656555
0.8975099921226501
0.674983561038971
0.6942030787467957
0.7014226913452148
0.9368797540664673
0.7247992157936096
0.4837509095668793
0.6848723292350769
0.8986312747001648
0.7589902281761169
0.7991935610771179
0.32681795954704285
0.685172975063324
0.625187337398529
0.6518765091896057
0.4349382221698761
0.6183773875236511
0.6348358392715454
0.8630895614624023
0.3240815997123718
0.6194607019424438
0.5832810401916504
0.8416538834571838
0.5369033217430115
0.6136823296546936
0.646290123462677
0.638681173324585
0.3701581358909607
0.8575144410133362
0.51992267370224
0.5330447554588318
0.6265489459037781
0.6194490194320679
0.4598546326160431
0.5887773633003235
0.4652065932750702
0.8752109408378601
0.5639671683311462
0.3734534680843353
0.6055248379707336
0.8509207367897034
0.5735955834388733
0.4933168590068817
0.45435917377471924
0.8714858293533325
0.40941986441612244
0.6137867569923401
0.6101778745651245
0.4521649181842804
0.35787680745124817
0.8635620474815369
0.6472135782241821
0.6164858341217041
0.6809902787208557
0.7397295832633972
0.49419865012168884
0.5844480395317078
0.4925682842731476
0.3839602768421173
0.5124509334564209
0.9489964842796326
0.4455713629722595
0.8534141778945923
0.6780492663383484
0.6823789477348328
0.6762685179710388
0.6903712749481201
0.7309006452560425
0.6414159536361694
0.3772682845592499
0.7043798565864563
0.7156248688697815
0.8873910307884216
0.3932189643383026
0.9366244673728943
0.5969101786613464
0.5865886211395264
0.6219558119773865
0.5243316888809204
0.8298223614692688
0.7810028195381165
0.6956841349601746
0.9206482768058777
0.7089018225669861
0.443680077791214
