0.572809636592865
0.5613570809364319
0.7966892123222351
0.5312339067459106
0.640021562576294
0.3508930802345276
0.5742056965827942
0.5304911732673645
0.5613879561424255
0.6785012483596802
0.45373761653900146
0.26173657178878784
0.6112028360366821
0.6025812029838562
0.770115315914154
0.31880390644073486
0.5717111229896545
0.6000487208366394
0.6027053594589233
0.31957077980041504
0.8473151922225952
0.4937319755554199
0.5919180512428284
0.7928433418273926
0.6066165566444397
0.5938125848770142
0.30899834632873535
0.6008164286613464
0.5660409927368164
0.8018215894699097
0.4842595160007477
0.525324821472168
0.4197743237018585
0.6691591143608093
0.35419031977653503
0.44543716311454773
0.5145235657691956
0.5191733241081238
0.5369464159011841
0.3433966338634491
0.5536003708839417
0.5094693899154663
0.3137143850326538
0.5792334675788879
0.5714080929756165
0.5828463435173035
0.517887532711029
0.6058116555213928
0.5404676795005798
0.7433410882949829
0.6507347226142883
0.7555056810379028
0.3193425238132477
0.5564653277397156
0.4725002348423004
0.4304216504096985
0.5064144134521484
0.7396395206451416
0.33800920844078064
0.7238654494285583
0.5334452986717224
0.5441116094589233
0.5616050362586975
0.5555035471916199
0.3761126697063446
0.46810051798820496
0.7738521695137024
0.5276676416397095
0.5128924250602722
0.7197137475013733
0.35952597856521606
0.6675778031349182
0.4301359951496124
0.7961055040359497
0.6061950922012329
0.44897323846817017
0.7946100831031799
0.32564491033554077
0.32028988003730774
0.5480890870094299
0.5654418468475342
0.7989189624786377
0.47269704937934875
0.5510525107383728
0.49086153507232666
0.27749618887901306
0.383154958486557
0.466276079416275
0.44401615858078003
0.45548364520072937
0.3396766483783722
0.22704552114009857
0.37242308259010315
0.445945143699646
0.5395342707633972
0.5114078521728516
0.354724258184433
0.4861564636230469
0.5626246333122253
0.6529756188392639
0.5614631772041321
0.4271412789821625
0.5079495906829834
0.6547227501869202
0.323778361082077
0.5714371204376221
0.5348924398422241
0.5660900473594666
0.5534531474113464
0.5781647562980652
0.5982833504676819
0.4235753118991852
0.48526543378829956
0.3653944432735443
0.3867006301879883
0.5723850727081299
0.5793225765228271
0.7990254759788513
0.34639814496040344
0.4683159291744232
0.31680551171302795
0.4797958731651306
0.5598118305206299
0.7851923108100891
0.5644043684005737
0.5488091111183167
0.4054628014564514
0.6533512473106384
0.3232420086860657
0.39788803458213806
0.4902668595314026
0.4123276174068451
0.6792680025100708
0.40619203448295593
0.4184283912181854
0.5959547162055969
0.4764688313007355
0.4675895571708679
0.662773072719574
0.34880295395851135
0.8137916326522827
0.5736060738563538
0.6183730363845825
0.6201193928718567
0.5382574200630188
0.40657588839530945
0.4231227934360504
0.42019587755203247
0.660488486289978
0.5359756350517273
0.6030121445655823
0.716711699962616
0.5705630779266357
0.5987803339958191
0.2763923406600952
0.5637462735176086
0.32648009061813354
0.49883511662483215
0.7250471115112305
0.3410796523094177
0.5652703642845154
0.534026563167572
0.539815366268158
0.4876358211040497
0.7914898991584778
0.5436535477638245
0.40227869153022766
0.5854001641273499
0.7104400992393494
0.3690454065799713
0.542199432849884
0.5036227703094482
0.5749546885490417
0.7422321438789368
0.568723738193512
0.582592785358429
0.5824263095855713
0.5858026742935181
0.5979112982749939
0.4258865714073181
0.5689498782157898
0.4224230647087097
0.581429660320282
0.5542954802513123
0.43163517117500305
0.3660854697227478
0.43762606382369995
0.6982734799385071
0.37461647391319275
0.36522921919822693
0.6916616559028625
0.5617910027503967
0.2507527470588684
0.36126214265823364
0.351100355386734
0.3706841766834259
0.34855347871780396
0.41344505548477173
0.271870881319046
0.49455443024635315
0.6376765370368958
0.5814628005027771
0.5775904059410095
0.5737311244010925
0.8082262873649597
0.35815900564193726
0.6265028715133667
0.5042822957038879
0.4673437476158142
0.6111322045326233
0.7054978013038635
0.5726830363273621
0.7655571103096008
0.3048350214958191
0.7817496657371521
0.6862027049064636
0.5133448839187622
0.5031623840332031
0.5049263834953308
0.6657544374465942
0.5235500931739807
0.3530116379261017
0.7113507390022278
0.3747482895851135
0.6053827404975891
0.6186837553977966
0.5252192616462708
0.6239513158798218
0.7561715245246887
0.3618517220020294
0.5751826167106628
0.787223219871521
0.5334360003471375
0.48779383301734924
0.5689375400543213
0.4513358175754547
0.29810428619384766
0.6455205678939819
0.4258840084075928
0.4254448115825653
0.376931756734848
0.8088732361793518
0.7882890701293945
0.5275554656982422
0.8208563923835754
0.5142596364021301
0.37935540080070496
0.5268374681472778
0.5465529561042786
0.5880449414253235
0.5219454169273376
0.5089123845100403
0.6174126863479614
0.29660695791244507
0.5873283743858337
0.5864553451538086
0.485934317111969
0.5954005122184753
0.6127439141273499
0.5143952965736389
0.611810564994812
0.5292482972145081
0.5857273936271667
0.4587548077106476
0.5830778479576111
0.509149968624115
0.5311649441719055
0.4852879047393799
0.3299044072628021
0.7546129822731018
0.558378279209137
0.5635519027709961
0.6458736062049866
0.25975069403648376
0.5101596713066101
0.5625017881393433
0.7468531727790833
0.4379369616508484
0.5593862533569336
0.5675130486488342
0.5524464845657349
0.5685562491416931
0.5709196329116821
0.7161028981208801
0.5275850892066956
0.7567118406295776
0.7205467820167542
0.7200047969818115
0.6840106844902039
0.40496036410331726
0.4481026232242584
0.4673052728176117
0.41488274931907654
0.3531166911125183
0.6730665564537048
0.43335798382759094
0.3008168935775757
0.3929561376571655
0.35360294580459595
0.6235281229019165
0.4952651560306549
0.5350932478904724
0.3553515374660492
0.808944582939148
0.5797105431556702
0.602699875831604
0.32626235485076904
0.6067299246788025
0.6677312254905701
0.6770703196525574
0.5910847187042236
0.6184133887290955
0.4493344724178314
0.324169784784317
0.46189776062965393
0.4579237401485443
0.38814520835876465
0.7529180645942688
0.5719290375709534
0.6963217854499817
0.5626848340034485
0.5479825139045715
0.35255348682403564
0.5859238505363464
0.5484493374824524
0.524290919303894
0.6906294226646423
0.49171972274780273
0.2871800363063812
0.43353989720344543
0.33033785223960876
0.46722957491874695
0.5972760319709778
0.5993353724479675
0.4104025065898895
0.5743734836578369
0.6034562587738037
0.8282203078269958
0.6190909743309021
0.3573916256427765
0.7430700063705444
0.5420846343040466
0.5327152609825134
0.455454021692276
0.5436459183692932
0.15252168476581573
0.7776092886924744
0.4706963002681732
0.6996224522590637
0.32460710406303406
0.5876020789146423
0.5958285331726074
0.5998717546463013
0.5521981716156006
0.33462825417518616
0.8055506348609924
0.601716160774231
0.8084862232208252
0.828967273235321
0.47046133875846863
0.8044408559799194
0.5371306538581848
0.36245909333229065
0.5877092480659485
0.44298747181892395
0.368815541267395
0.7502133250236511
0.49630793929100037
0.5435894131660461
0.48183751106262207
0.5085681676864624
0.3445420563220978
0.40871235728263855
0.440706342458725
0.3084796965122223
0.7413419485092163
0.3468744456768036
0.4176918864250183
0.47096359729766846
0.5250042080879211
0.4442192018032074
0.5202969908714294
0.29063400626182556
0.5417364239692688
0.4543788731098175
0.8312576413154602
0.4775784909725189
0.8433862328529358
0.801242470741272
0.36168044805526733
0.5312832593917847
0.4313420355319977
0.5933934450149536
0.5260025858879089
0.32702499628067017
0.5677171349525452
0.4637204706668854
0.7404449582099915
0.3724296987056732
0.48819294571876526
0.2624989449977875
0.4572707712650299
0.3462252914905548
0.4679435193538666
0.6786584854125977
0.6632534861564636
0.7238293290138245
0.47350189089775085
0.4745584726333618
0.2939997911453247
0.5135683417320251
0.5300269722938538
0.6479491591453552
0.46432435512542725
0.3474524915218353
0.765902042388916
0.733117938041687
0.614779531955719
0.6775793433189392
0.6737397909164429
0.4749714732170105
0.3789859414100647
0.7583339810371399
0.5020267963409424
0.2955172061920166
0.5281438827514648
0.6075586080551147
0.674730122089386
0.37341073155403137
0.7148112654685974
0.644138753414154
0.43682628870010376
0.5500493049621582
0.7200397849082947
0.3660013973712921
0.6111463308334351
0.5791304707527161
0.6748589873313904
0.4023970365524292
0.4561387002468109
0.323266863822937
0.39212462306022644
0.5053146481513977
0.782436192035675
0.5557525753974915
0.6521738171577454
0.5645110607147217
0.5403326153755188
0.3780401647090912
0.47147199511528015
0.3404493033885956
0.7163793444633484
0.53223717212677
0.771163284778595
0.7345057129859924
0.5141553282737732
0.6425660252571106
0.527845561504364
0.49180087447166443
0.32313546538352966
0.5099180340766907
0.5031957030296326
0.6189231276512146
0.5344800353050232
0.3295344412326813
0.3287223279476166
0.39528870582580566
0.6596106290817261
0.762572705745697
0.48258325457572937
0.46681371331214905
0.7398912906646729
0.4781907796859741
0.27654582262039185
0.3587205111980438
0.6403182148933411
0.46964529156684875
0.46024182438850403
0.34236204624176025
0.426013320684433
0.35228249430656433
0.40620478987693787
0.4338299632072449
0.4185267388820648
0.6690847873687744
0.46457239985466003
0.5059729218482971
0.44774264097213745
0.40084511041641235
0.4859630763530731
0.7819344997406006
0.5082033276557922
0.33435285091400146
0.7597249150276184
0.6670336723327637
0.35344353318214417
0.5992802977561951
0.573067307472229
0.6372050642967224
0.46169739961624146
0.560060441493988
0.7300661206245422
0.4446447789669037
0.28471165895462036
0.5726946592330933
0.34954318404197693
0.5876908302307129
0.7728899121284485
0.8005594611167908
0.7048909068107605
0.3357497453689575
0.5304213166236877
0.5148183107376099
0.5153396725654602
0.4100496470928192
0.4970085918903351
0.38344308733940125
0.30126285552978516
0.3659715950489044
0.385206013917923
0.6046763062477112
0.39183661341667175
0.6320529580116272
0.4114035367965698
0.6400424838066101
0.6367798447608948
0.7282240390777588
0.7391167879104614
0.3023887276649475
0.49562278389930725
0.4666394591331482
0.45606449246406555
0.4755764603614807
0.5856361985206604
0.38740238547325134
0.42527058720588684
0.4201512932777405
0.32525911927223206
0.6579698324203491
0.49208804965019226
0.841447114944458
0.5936992764472961
0.3148441016674042
0.5561039447784424
0.6175938844680786
0.4846805930137634
0.5732671618461609
0.5074634552001953
0.34440889954566956
0.8000442385673523
0.795548141002655
0.8324404358863831
0.44422104954719543
0.5146334171295166
0.6267996430397034
0.41419708728790283
0.4462522864341736
0.4307072162628174
0.447453111410141
0.7061939835548401
0.4318086504936218
0.7061484456062317
0.4570687711238861
0.36380067467689514
0.7265099883079529
0.5602510571479797
0.39569732546806335
0.7535811066627502
0.6916810870170593
0.7019201517105103
0.5073871612548828
0.31027930974960327
0.35851410031318665
0.5963268280029297
0.5831418633460999
0.6025009155273438
0.28830021619796753
0.31342610716819763
0.30209624767303467
0.4369158446788788
0.3242020606994629
0.6231396794319153
0.4006046652793884
0.5160377621650696
0.4689508378505707
0.6787284016609192
0.5779219269752502
0.36792704463005066
0.6847221255302429
0.3955972194671631
0.5978057384490967
0.5092650651931763
0.29470083117485046
0.2881414294242859
