0.9030559659004211
0.32459527254104614
0.9069555401802063
0.9118971228599548
0.8600113391876221
0.8974048495292664
0.8693017363548279
0.8567505478858948
0.8537066578865051
0.8474320769309998
0.46743834018707275
0.859215497970581
0.3877735435962677
0.9348862767219543
0.9204279780387878
0.9383489489555359
0.9207125306129456
0.9235296845436096
0.8855939507484436
0.8341854214668274
0.40576520562171936
0.9152356386184692
0.9138251543045044
0.8961275219917297
0.8989125490188599
0.8917213082313538
0.9046984314918518
0.8821871876716614
0.9020853638648987
0.4196779131889343
0.9269794821739197
0.9330317378044128
0.9162601828575134
0.9420521259307861
0.4175332486629486
0.942129909992218
0.9355885982513428
0.9082330465316772
0.6857971549034119
0.9083244204521179
0.9151445627212524
0.9120177626609802
0.9431324601173401
0.8649147748947144
0.8866327404975891
0.8347417712211609
0.8866327404975891
0.5128862261772156
0.4207130968570709
0.8502839803695679
0.8322641253471375
0.722995400428772
0.8151305317878723
0.8374003767967224
0.8142293691635132
0.8467308878898621
0.8551185131072998
0.25969943404197693
0.7850116491317749
0.8076847791671753
0.795233428478241
0.827073872089386
0.5128118395805359
0.8311828970909119
0.6988426446914673
0.8366716504096985
0.8993063569068909
0.9007754325866699
0.48495689034461975
0.9086284637451172
0.9116586446762085
0.89962238073349
0.8549761772155762
0.4649735391139984
0.8075874447822571
0.8255162835121155
0.8557105660438538
0.8358044028282166
0.8506097793579102
0.8184919953346252
0.8359147310256958
0.8758713603019714
0.7788044810295105
0.3748284876346588
0.3682471811771393
0.9194263219833374
0.8404422402381897
0.8053715825080872
0.9116003513336182
0.9113810062408447
0.4827708303928375
0.7835836410522461
0.8073509335517883
0.8903864026069641
0.894669771194458
0.880639910697937
0.837289035320282
0.7642399668693542
0.8071647882461548
0.8259457349777222
0.7631552815437317
0.47100672125816345
0.8692195415496826
0.8733014464378357
0.8741025328636169
0.8821694254875183
0.8683706521987915
0.6047273874282837
0.7957596778869629
0.40415653586387634
0.703955352306366
0.7958366274833679
0.869865357875824
0.776330828666687
0.7845449447631836
0.43389108777046204
0.8270256519317627
0.8364599943161011
0.8151913285255432
0.8089005351066589
0.3877404034137726
0.9063426852226257
0.8762131333351135
0.9084556698799133
0.9000471830368042
0.887261688709259
0.7649552226066589
0.8582223057746887
0.8147609233856201
0.8481860756874084
0.42760828137397766
0.8354198336601257
0.4579775631427765
0.7463636994361877
0.8582350611686707
0.8435960412025452
0.8796504139900208
0.6629965901374817
0.8008206486701965
0.7531433701515198
0.8402169942855835
0.8101311326026917
0.8156781792640686
0.42149680852890015
0.7801176905632019
0.8569818139076233
0.7804941534996033
0.3857386112213135
0.855591893196106
0.7804941534996033
0.8580366969108582
0.8588427901268005
0.8474564552307129
0.3960268199443817
0.8508973717689514
0.8623156547546387
0.3611398935317993
0.7202540040016174
0.7736995816230774
0.8232805728912354
0.6439401507377625
0.6828303933143616
0.8921656012535095
0.4478144347667694
0.7916820645332336
0.8921656012535095
0.8921656012535095
0.9747875928878784
0.8788744807243347
0.39321425557136536
0.7793586850166321
0.8695650100708008
0.8772910833358765
0.8114333748817444
0.4993021786212921
0.8840779066085815
0.8840779066085815
0.8840779066085815
0.8801546096801758
0.9105849862098694
0.8861774802207947
0.9142130017280579
0.9059361815452576
0.8806326389312744
0.3595859110355377
0.9201553463935852
0.8981843590736389
0.8981843590736389
0.928522527217865
0.5444836020469666
0.9136171936988831
0.8894363045692444
0.8148634433746338
0.9055319428443909
0.9090755581855774
0.8488107323646545
0.28094354271888733
0.8947279453277588
0.4299653470516205
0.7891286015510559
0.8486523032188416
0.8352065682411194
0.8319534063339233
0.7687181830406189
0.9245319962501526
0.9197189807891846
0.9109863638877869
0.9197189807891846
0.9197189807891846
0.5666565299034119
0.7847043871879578
0.7752380967140198
0.8061190247535706
0.7720494866371155
0.366134911775589
0.804831326007843
0.7903786301612854
0.8415970206260681
0.8421300053596497
0.8952459692955017
0.320306658744812
0.7657681107521057
0.8490936160087585
0.43023231625556946
0.7975853085517883
0.8602498173713684
0.859613835811615
0.8519665598869324
0.9010065197944641
0.9150970578193665
0.9263113141059875
0.8714761137962341
0.4858475923538208
0.9112774729728699
0.8883873224258423
0.892186164855957
0.8847034573554993
0.8915356993675232
0.5053967237472534
0.8863449692726135
0.9092273712158203
0.9189478754997253
0.9119781851768494
0.46459558606147766
0.9228987097740173
0.9189478754997253
0.9075877070426941
0.9629390239715576
0.7382389903068542
0.9489672780036926
0.9755683541297913
0.942548930644989
0.8067211508750916
0.881664514541626
0.8745422959327698
0.882986843585968
0.8477252125740051
0.30184128880500793
0.8956249356269836
0.3569885194301605
0.8966555595397949
0.8956249356269836
0.8674440979957581
0.9022344946861267
0.7870490550994873
0.8452403545379639
0.7907835841178894
0.8624916672706604
0.511558473110199
0.8768697381019592
0.8070730566978455
0.8031344413757324
0.7641516327857971
0.5816497206687927
0.7891613245010376
0.466487318277359
0.7239288687705994
0.6577034592628479
0.7485712766647339
0.7342421412467957
0.679623544216156
0.703161895275116
0.8529258966445923
0.9350296854972839
0.8961670994758606
0.54576176404953
0.9145014882087708
0.889575183391571
0.8264623284339905
0.8450189828872681
0.8049154877662659
0.43611037731170654
0.788255512714386
0.7518656849861145
0.8156418204307556
0.7916598320007324
0.852358341217041
0.8483409285545349
0.40577763319015503
0.7931299209594727
0.8156958222389221
0.7421476244926453
0.848136842250824
0.5991483926773071
0.7847604751586914
0.7256461977958679
0.8642424941062927
0.8005488514900208
0.8566284775733948
0.5372448563575745
0.8674442768096924
0.8236583471298218
0.5779127478599548
0.9297122359275818
0.7706977725028992
0.9204230904579163
0.8792842030525208
0.9272356629371643
0.9064533114433289
0.9192606806755066
0.8790794610977173
0.8099516034126282
0.8860085010528564
0.4170987606048584
0.8617703318595886
0.8386997580528259
0.8817626237869263
0.8292973041534424
0.4537034332752228
0.8581455945968628
0.8783926963806152
0.8116669058799744
0.8764616250991821
0.8246502876281738
0.330759733915329
0.8065450191497803
0.9150596261024475
0.578057587146759
0.9344815611839294
0.9247428178787231
0.9244511723518372
0.9198863506317139
0.5024409890174866
0.8033241033554077
0.8563869595527649
0.881083071231842
0.8643580079078674
0.8675875663757324
0.8168137669563293
0.6946777701377869
0.7669257521629333
0.8134779930114746
0.4015388786792755
0.8309713006019592
0.4224110543727875
0.89680415391922
0.8905343413352966
0.8771474957466125
0.9151783585548401
0.9048662185668945
0.9394975900650024
0.9034741520881653
0.9149232506752014
0.9326448440551758
0.4912072420120239
0.8768269419670105
0.7087495923042297
0.6451473236083984
0.6104603409767151
0.3496449887752533
0.6264953017234802
0.5872750878334045
0.8572829365730286
0.9300314784049988
0.780691921710968
0.8867844939231873
0.4520978033542633
0.9413244128227234
0.8482665419578552
0.845837414264679
0.6835101842880249
0.7952427268028259
0.37623685598373413
0.8804904222488403
0.909018874168396
0.9039722084999084
0.879652202129364
0.8788531422615051
0.39156708121299744
0.8957082629203796
0.8520300984382629
0.870003879070282
0.8561133742332458
0.8257384896278381
0.3897481858730316
0.848356306552887
0.8968062400817871
0.9078599214553833
0.9140827059745789
0.9145774245262146
0.9089316725730896
0.3366169333457947
0.6960413455963135
0.7330294251441956
0.716313362121582
0.7112241387367249
0.6694837212562561
0.33966943621635437
0.35248157382011414
0.7340466380119324
0.7492287158966064
0.8634940981864929
0.8131369948387146
0.8539333939552307
0.9179669618606567
0.9122116565704346
0.48378607630729675
0.9183959364891052
0.9169574975967407
0.9128285646438599
0.7607358694076538
0.7257288694381714
0.3245096504688263
0.7647049427032471
0.6184974908828735
0.7006464600563049
0.8731575012207031
0.8991850018501282
0.9141258001327515
0.5448948740959167
0.7691660523414612
0.9009943604469299
0.9235512614250183
0.9105899930000305
0.9273719191551208
0.41023534536361694
0.9055919647216797
0.9173808693885803
0.9175359010696411
0.3410140573978424
0.8799677491188049
0.8688089847564697
0.8603786826133728
0.8322896957397461
0.7480740547180176
0.5831207633018494
0.7250338196754456
0.9168381094932556
0.8293468356132507
0.7791794538497925
0.9505375623703003
0.9411766529083252
0.9389513731002808
0.5932682752609253
0.9346897006034851
0.9299015402793884
0.8962674140930176
0.8946297764778137
0.8606630563735962
0.8755528330802917
0.8954118490219116
0.4538392424583435
0.27882614731788635
0.9250316023826599
0.8848940134048462
0.9120336174964905
0.9008947014808655
0.8585870862007141
0.5080680847167969
0.9059034585952759
0.9042973518371582
0.9014022350311279
0.9042973518371582
0.9064485430717468
0.8671131730079651
0.8608922362327576
0.8771507143974304
0.8712403178215027
0.8688218593597412
0.26437389850616455
0.38482919335365295
0.8746142983436584
0.8590536117553711
0.8732092976570129
0.9076155424118042
0.8745387196540833
0.6524912118911743
0.8911430239677429
0.9062215089797974
0.9006732106208801
0.9252756237983704
0.9209789633750916
0.8945555090904236
0.735322892665863
0.8353500962257385
0.7634374499320984
0.47634705901145935
0.7226262092590332
0.8018904328346252
0.6094920039176941
0.7435416579246521
0.8066194653511047
0.407835990190506
0.8204401135444641
0.9370855689048767
0.920230507850647
0.9208210706710815
0.9110792279243469
0.42829424142837524
0.9205233454704285
0.8670051097869873
0.8670051097869873
0.5553086996078491
0.8670050501823425
0.9360562562942505
0.8867302536964417
0.7229265570640564
0.8164436221122742
0.8477614521980286
0.834197998046875
0.7325291037559509
0.4401639401912689
0.475565105676651
0.843134343624115
0.8475504517555237
0.8140552639961243
0.7659953236579895
0.8362131118774414
0.8786134123802185
0.8939878940582275
0.5049928426742554
0.8304108381271362
0.8805975317955017
0.9028706550598145
0.5611000061035156
0.9238676428794861
0.9304897785186768
0.934520423412323
0.9358783960342407
0.9335021376609802
0.8859949111938477
0.8942695260047913
0.5100594162940979
0.8947376608848572
0.8968044519424438
0.8968044519424438
0.9210172891616821
0.9126685261726379
0.90378737449646
0.5759889483451843
0.9057196974754333
0.8841581344604492
0.8033505082130432
0.8213810920715332
0.798184871673584
0.8187759518623352
0.731717050075531
0.5053488612174988
0.8662601709365845
0.840488076210022
0.8574734330177307
0.8586822152137756
0.863533079624176
0.33970871567726135
0.8158004879951477
0.33176299929618835
0.7624205946922302
0.8177914619445801
0.8508068919181824
0.7706304788589478
0.37685713171958923
0.5872082710266113
0.6044605374336243
0.4278413951396942
0.6254305839538574
0.6800597906112671
0.8230212330818176
0.2888452112674713
0.7978588938713074
0.8250903487205505
0.690266489982605
0.7720481753349304
0.3414406180381775
0.9060176610946655
0.8147199153900146
0.7187579274177551
0.7652865052223206
0.8218932747840881
0.8347242474555969
0.4502998888492584
0.7947555184364319
0.8996260762214661
0.8676726222038269
0.6640058755874634
