0.8585737347602844
0.7861704230308533
0.3904276490211487
0.20258723199367523
0.8071325421333313
0.7297794222831726
0.523590624332428
0.7823280692100525
0.7764794230461121
0.7822171449661255
0.7757441401481628
0.7438703179359436
0.4262114465236664
0.8523628115653992
0.8090240955352783
0.2199060171842575
0.836204469203949
0.7788598537445068
0.20339635014533997
0.4174495041370392
0.8122425675392151
0.7159035801887512
0.8081672787666321
0.8004999756813049
0.4726186692714691
0.21531592309474945
0.7479013800621033
0.7663076519966125
0.7838893532752991
0.7999574542045593
0.8395134210586548
0.2232925295829773
0.7912350296974182
0.7930173277854919
0.8317455649375916
0.3798201382160187
0.44073566794395447
0.5915921330451965
0.838172972202301
0.20169895887374878
0.7925013899803162
0.6841186881065369
0.42140087485313416
0.3958795666694641
0.4084545373916626
0.8085921406745911
0.7749497294425964
0.45072928071022034
0.695225715637207
0.7639924883842468
0.39365288615226746
0.7716755867004395
0.21471691131591797
0.7750406861305237
0.6123237609863281
0.35804811120033264
0.5841153264045715
0.6054348349571228
0.5830223560333252
0.6904823184013367
0.8724265694618225
0.35777944326400757
0.7446439862251282
0.8881213068962097
0.19992125034332275
0.8391522765159607
0.21074345707893372
0.8573105335235596
0.8440830111503601
0.8559660315513611
0.37454313039779663
0.8375809788703918
0.48020586371421814
0.7790823578834534
0.7392460703849792
0.889682412147522
0.8584212064743042
0.8679746389389038
0.5448387265205383
0.5540270209312439
0.5560098886489868
0.5373582243919373
0.5810485482215881
0.21639007329940796
0.7611531615257263
0.390390545129776
0.39304211735725403
0.7467978000640869
0.6818870902061462
0.3590737581253052
0.8630264401435852
0.2537384331226349
0.4110635817050934
0.40786686539649963
0.518151044845581
0.8646782040596008
0.7364721894264221
0.7540214657783508
0.6519830226898193
0.22725924849510193
0.598041832447052
0.25812557339668274
0.7634958624839783
0.7550581097602844
0.19385674595832825
0.7751469016075134
0.7372977137565613
0.7380849123001099
0.7959297299385071
0.7250882387161255
0.21720340847969055
0.45541563630104065
0.8114272952079773
0.7547480463981628
0.7420504689216614
0.7343146204948425
0.3270421624183655
0.2350480556488037
0.7101954817771912
0.39871636033058167
0.7023007273674011
0.3854351043701172
0.6762341260910034
0.22152140736579895
0.7236700654029846
0.730131208896637
0.3651382029056549
0.7500402331352234
0.7533662915229797
0.2283717691898346
0.8028485178947449
0.8059341311454773
0.690711259841919
0.7986409068107605
0.7950157523155212
0.60982346534729
0.2223072052001953
0.6687739491462708
0.8375250697135925
0.832570493221283
0.4167715013027191
0.8290042281150818
0.8499026298522949
0.726839005947113
0.5011998414993286
0.8020209670066833
0.7923188805580139
0.7345845103263855
0.7991003394126892
0.7646869421005249
0.8054642081260681
0.8543523550033569
0.8332012891769409
0.8490628600120544
0.7687967419624329
0.3484566807746887
0.38848647475242615
0.5783528685569763
0.697369396686554
0.39047151803970337
0.3182413876056671
0.6777464747428894
0.7697609066963196
0.8817581534385681
0.7903608083724976
0.40279558300971985
0.8268283009529114
0.7984015345573425
0.6887499690055847
0.36446163058280945
0.6694113612174988
0.6701057553291321
0.7325626015663147
0.6507928371429443
0.7773473858833313
0.22699320316314697
0.529496431350708
0.7363411784172058
0.8213909864425659
0.7702740430831909
0.8130117654800415
0.804198145866394
0.525956928730011
0.7986745834350586
0.1976415067911148
0.7795308232307434
0.4400767385959625
0.6379170417785645
0.749599814414978
0.6063370108604431
0.7663324475288391
0.25366929173469543
0.23062443733215332
0.7330314517021179
0.757252037525177
0.46460849046707153
0.8133835196495056
0.7768273949623108
0.7977582216262817
0.7674071192741394
0.7806548476219177
0.21968293190002441
0.4625965654850006
0.6771695017814636
0.2235058695077896
0.7480378746986389
0.7648223042488098
0.7576213479042053
0.7660996913909912
0.44631263613700867
0.46465441584587097
0.20243379473686218
0.7938814759254456
0.7569288611412048
0.8144209384918213
0.7575764656066895
0.2948950529098511
0.3826567530632019
0.39690694212913513
0.3761463463306427
0.3804025650024414
0.23170016705989838
0.46842747926712036
0.7994487881660461
0.795498788356781
0.7880727052688599
0.8360596299171448
0.2290114015340805
0.773751974105835
0.7127339839935303
0.40128466486930847
0.20960105955600739
0.7858641147613525
0.6842045783996582
0.20434413850307465
0.7280004620552063
0.725944459438324
0.744892418384552
0.7518951892852783
0.4492526054382324
0.21686232089996338
0.8714322447776794
0.8275585770606995
0.8581905961036682
0.4794747233390808
0.8500787019729614
0.5724249482154846
0.38555899262428284
0.5284711122512817
0.6834833025932312
0.5996162295341492
0.22003419697284698
0.7848915457725525
0.8102659583091736
0.3071601688861847
0.22499975562095642
0.774474561214447
0.7937004566192627
0.27684131264686584
0.8575740456581116
0.8730059266090393
0.909541666507721
0.21694637835025787
0.9056685566902161
0.7579627633094788
0.7292733788490295
0.21853430569171906
0.6882833242416382
0.45288708806037903
0.6800780892372131
0.838968813419342
0.5586925148963928
0.2058224081993103
0.7967852354049683
0.3382370173931122
0.8327198624610901
0.25164875388145447
0.7433992624282837
0.7491745352745056
0.6501529216766357
0.629285454750061
0.49552276730537415
0.9064011573791504
0.8461353778839111
0.425244003534317
0.9345678091049194
0.8899495005607605
0.9685943126678467
0.26103660464286804
0.4059852063655853
0.7930651903152466
0.790623664855957
0.7978768944740295
0.7940927147865295
0.7013933658599854
0.6651748418807983
0.3531971871852875
0.7084218859672546
0.7092042565345764
0.6925929188728333
0.24952223896980286
0.4660685360431671
0.5060866475105286
0.22896289825439453
0.4255036413669586
0.45147329568862915
0.22283801436424255
0.44138088822364807
0.7586051821708679
0.7995198369026184
0.7582930326461792
0.7250009179115295
0.24213942885398865
0.6369068622589111
0.6731522083282471
0.653022825717926
0.6806777715682983
0.31328853964805603
0.8294256329536438
0.8024557828903198
0.3156992197036743
0.2059357762336731
0.804426372051239
0.5253028273582458
0.8555831909179688
0.8282170295715332
0.8243340849876404
0.2230287790298462
0.8469671607017517
0.51479572057724
0.21257957816123962
0.637747585773468
0.389225035905838
0.6464711427688599
0.674923837184906
0.7068753838539124
0.22866550087928772
0.7484979033470154
0.7543922066688538
0.4404301345348358
0.8801442980766296
0.7802008986473083
0.783564031124115
0.41721221804618835
0.21132393181324005
0.7313840985298157
0.7527231574058533
0.42585551738739014
0.4682321846485138
0.46722152829170227
0.44922956824302673
0.4709750711917877
0.2691288888454437
0.3338649868965149
0.784675657749176
0.824600875377655
0.2169613242149353
0.8162966966629028
0.7998731136322021
0.43424734473228455
0.8478888869285583
0.5663148164749146
0.8310229778289795
0.2211165726184845
0.8657657504081726
0.8173373341560364
0.4181223213672638
0.7104460000991821
0.7224699258804321
0.7065786719322205
0.7531419992446899
0.6978088617324829
0.35185474157333374
0.5144179463386536
0.6739093661308289
0.6819034218788147
0.6875008940696716
0.686587393283844
0.4016614258289337
0.7267071604728699
0.7204015254974365
0.617423415184021
0.3663811981678009
0.7304892539978027
0.21628373861312866
0.4024674594402313
0.7642678618431091
0.7645180821418762
0.7589079737663269
0.7046400904655457
0.513528048992157
0.6485403180122375
0.2128078043460846
0.4037870466709137
0.6797015070915222
0.7273513674736023
0.7208676934242249
0.7358596920967102
0.2264554649591446
0.740577757358551
0.19264069199562073
0.6994410753250122
0.7543718814849854
0.7346499562263489
0.5676775574684143
0.6988990902900696
0.727081835269928
0.666354238986969
0.21824437379837036
0.6483442187309265
0.6299920082092285
0.431003212928772
0.663707971572876
0.6676065325737
0.7816201448440552
0.7704578042030334
0.2095165252685547
0.46514472365379333
0.7893194556236267
0.7718452215194702
0.770861804485321
0.7697145938873291
0.3075941801071167
0.7799931764602661
0.7312349081039429
0.766374945640564
0.8266242742538452
0.25864022970199585
0.8119903206825256
0.6248303651809692
0.8206378817558289
0.8248407244682312
0.387088418006897
0.24262338876724243
0.5825823545455933
0.5778988003730774
0.7016338109970093
0.5486264228820801
0.6826038956642151
0.22833581268787384
0.7146433591842651
0.675439178943634
0.661134660243988
0.18370506167411804
0.7384691834449768
0.7808260321617126
0.7981314659118652
0.8153645396232605
0.5196809768676758
0.7876867651939392
0.8255977034568787
0.8364805579185486
0.8215267658233643
0.2080450803041458
0.37818458676338196
0.8672679662704468
0.7652454972267151
0.7765026688575745
0.4047188460826874
0.22024229168891907
0.7111167907714844
0.7535812258720398
0.6801182627677917
0.22361549735069275
0.7413171529769897
0.18068639934062958
0.4435100555419922
0.47810569405555725
0.7244434356689453
0.18150407075881958
0.7839177250862122
0.7852194905281067
0.2078031599521637
0.7927601933479309
0.7622270584106445
0.7350264191627502
0.22570167481899261
0.6872895956039429
0.7337056994438171
0.4096142053604126
0.7026843428611755
0.7280403971672058
0.21941633522510529
0.7355116009712219
0.23623442649841309
0.7054200768470764
0.7960098385810852
0.8253790736198425
0.8484060764312744
0.8468037247657776
0.8547788262367249
0.44486114382743835
0.4236050546169281
0.7567330002784729
0.24018897116184235
0.7288870215415955
0.7768494486808777
0.7495349049568176
0.7220258116722107
0.7054539322853088
0.568147599697113
0.6696422696113586
0.6953249573707581
0.3839111030101776
0.3751767873764038
0.3981182873249054
0.551828920841217
0.8134567141532898
0.21156193315982819
0.42874324321746826
0.5771718621253967
0.8126772046089172
0.752508819103241
0.6632741689682007
0.27842122316360474
0.7088562250137329
0.728226363658905
0.3006497323513031
0.717095136642456
0.22585918009281158
0.7290962338447571
0.720308244228363
0.8329107761383057
0.37466195225715637
0.7863827347755432
0.8648031949996948
0.7905988693237305
0.8611970543861389
0.6693055033683777
0.7456384301185608
0.20559421181678772
0.7359402775764465
0.4088456332683563
0.7551092505455017
0.7546310424804688
0.7063605189323425
0.31953316926956177
0.8230514526367188
0.8484845161437988
0.20804990828037262
0.7546576261520386
0.7958025932312012
0.7882831692695618
0.7713248133659363
0.35039088129997253
0.7822152376174927
0.6478613018989563
0.22526973485946655
0.30434495210647583
0.5161452889442444
0.529877245426178
0.5381980538368225
0.7065420150756836
0.4406186640262604
0.31977328658103943
0.22911910712718964
0.4826725423336029
0.7483678460121155
0.7376851439476013
0.7537601590156555
0.6834605932235718
0.7286216616630554
0.38841167092323303
0.772007405757904
0.7347692847251892
0.6331148743629456
0.22970440983772278
0.7553670406341553
0.21476566791534424
0.7698498368263245
0.6112031936645508
0.6981260180473328
0.682643473148346
0.5235546231269836
0.16855669021606445
0.6275500655174255
0.4068351089954376
0.7047237157821655
0.42236629128456116
0.42178091406822205
0.4072307050228119
0.3040526509284973
0.7963929176330566
0.7988963723182678
0.22788619995117188
0.8797715306282043
0.8888930678367615
0.46792399883270264
0.21610985696315765
0.4986739456653595
0.8232836723327637
0.8268290162086487
0.6866310238838196
0.7417147755622864
