0.7900471091270447
0.7752055525779724
0.7238664627075195
0.7156698107719421
0.7583246827125549
0.2734275758266449
0.5856266617774963
0.5266422629356384
0.5658592581748962
0.5784534215927124
0.37049490213394165
0.5367723107337952
0.7532766461372375
0.7824009656906128
0.8035736680030823
0.8074381351470947
0.27970120310783386
0.7886882424354553
0.5914667844772339
0.7697567343711853
0.7870810627937317
0.4035683572292328
0.7511665225028992
0.34063735604286194
0.8573121428489685
0.8313716650009155
0.8535284996032715
0.379183828830719
0.8366515040397644
0.848818838596344
0.6225972771644592
0.7118784189224243
0.334550678730011
0.7480316758155823
0.6977036595344543
0.6828383803367615
0.6506077647209167
0.6142438054084778
0.711178719997406
0.6167725920677185
0.34088486433029175
0.6914964318275452
0.3828651010990143
0.6677687168121338
0.6935192346572876
0.6350180506706238
0.8107563853263855
0.780222475528717
0.6288437247276306
0.6379978060722351
0.24972781538963318
0.6770054697990417
0.6662707924842834
0.5475752353668213
0.7918760180473328
0.6292327642440796
0.7207978963851929
0.7104466557502747
0.7569512724876404
0.376434862613678
0.7303628325462341
0.34379127621650696
0.7050656676292419
0.7586827278137207
0.8386965394020081
0.8297529816627502
0.8093537092208862
0.8251492381095886
0.7600529789924622
0.7950134873390198
0.3089319169521332
0.7584933638572693
0.768929123878479
0.7955655455589294
0.718409538269043
0.7215380072593689
0.3541446030139923
0.7910295128822327
0.7246193289756775
0.7247540354728699
0.2754558324813843
0.6940624117851257
0.7794885039329529
0.7482253909111023
0.7464786171913147
0.6857758164405823
0.32474061846733093
0.496689110994339
0.6257080435752869
0.6806620359420776
0.7095550894737244
0.5121937394142151
0.3056885302066803
0.6930865049362183
0.6637220978736877
0.6663969159126282
0.25061771273612976
0.6337649822235107
0.7471488118171692
0.6663976311683655
0.7533947229385376
0.677752673625946
0.44544538855552673
0.7275597453117371
0.7356799840927124
0.556973397731781
0.6562178730964661
0.651439368724823
0.6614130139350891
0.31538429856300354
0.6684878468513489
0.662895143032074
0.6712729930877686
0.6310473084449768
0.7913680076599121
0.8286117315292358
0.8260737061500549
0.7444424629211426
0.3263798654079437
0.8113039135932922
0.7673367261886597
0.8322938680648804
0.2868918478488922
0.8354232907295227
0.7990794777870178
0.8095808625221252
0.5442588329315186
0.3834066689014435
0.7456009984016418
0.7608522772789001
0.7559901475906372
0.7465711236000061
0.4903571903705597
0.3453274071216583
0.6016993522644043
0.41231682896614075
0.7160267233848572
0.42681798338890076
0.6483911275863647
0.638730525970459
0.392220675945282
0.6086272597312927
0.6381476521492004
0.7088420987129211
0.7727171778678894
0.4269980490207672
0.7251873016357422
0.8621183037757874
0.7668756246566772
0.7933982014656067
0.6190389394760132
0.5948589444160461
0.6477351784706116
0.6265514492988586
0.4903814494609833
0.3007245361804962
0.6001318097114563
0.6936309337615967
0.3053279221057892
0.6748146414756775
0.7016701102256775
0.647157609462738
0.3952872157096863
0.7022481560707092
0.7887882590293884
0.7163277864456177
0.6940895915031433
0.6966775059700012
0.7729125618934631
0.8086182475090027
0.8022171258926392
0.7742071747779846
0.32384902238845825
0.8031969666481018
0.3465970456600189
0.6046745777130127
0.6046745181083679
0.6511583924293518
0.6330042481422424
0.5906357169151306
0.5624412894248962
0.5719090700149536
0.3449256420135498
0.5624412298202515
0.6497989296913147
0.6108432412147522
0.8451628088951111
0.6214278936386108
0.5870773196220398
0.8212421536445618
0.4707536995410919
0.5991652607917786
0.7360864281654358
0.8157681822776794
0.7885469794273376
0.5074940323829651
0.7802256941795349
0.8558343052864075
0.7223203778266907
0.6462072730064392
0.720089316368103
0.7447003722190857
0.3139069974422455
0.6301788091659546
0.39245620369911194
0.7873618006706238
0.8037750720977783
0.8010433316230774
0.767347514629364
0.7299652695655823
0.6857433915138245
0.6866961717605591
0.2856312692165375
0.6941330432891846
0.6005509495735168
0.6410922408103943
0.7313718199729919
0.40067756175994873
0.6322340965270996
0.27131882309913635
0.7148175835609436
0.6730063557624817
0.645494282245636
0.6760720014572144
0.3123601973056793
0.691332995891571
0.7138147950172424
0.6983949542045593
0.6798787117004395
0.6440107226371765
0.6363983750343323
0.6783483624458313
0.2951659858226776
0.7005776762962341
0.718280017375946
0.7314262986183167
0.33375659584999084
0.7389481663703918
0.7343473434448242
0.7674605250358582
0.8768544793128967
0.821951150894165
0.8542532920837402
0.3780665099620819
0.8585581183433533
0.8619737029075623
0.7220934629440308
0.8566886782646179
0.7723392844200134
0.8663104176521301
0.6278020739555359
0.5828890800476074
0.7464893460273743
0.7356681823730469
0.684068500995636
0.34507128596305847
0.7271683216094971
0.8023452162742615
0.7186262011528015
0.808453381061554
0.31377944350242615
0.7353290319442749
0.8189132213592529
0.7584435343742371
0.48635855317115784
0.5942774415016174
0.6335862278938293
0.6612393856048584
0.6331587433815002
0.3535045087337494
0.7124141454696655
0.7668468952178955
0.30435967445373535
0.8262813687324524
0.8210605382919312
0.8225300908088684
0.7439410090446472
0.3845815062522888
0.5801380276679993
0.6906090378761292
0.6488016247749329
0.7447523474693298
0.8494924902915955
0.8494924902915955
0.42103439569473267
0.8268900513648987
0.7940227389335632
0.8605239987373352
0.6493486166000366
0.6995095014572144
0.6826274991035461
0.42067745327949524
0.6264563798904419
0.5427555441856384
0.7182328104972839
0.704246461391449
0.6847321391105652
0.6632883548736572
0.7053159475326538
0.20437148213386536
0.7673413753509521
0.66856449842453
0.763414204120636
0.7581011652946472
0.7418873906135559
0.35343411564826965
0.697577178478241
0.5248823761940002
0.42442587018013
0.5324417948722839
0.5553261637687683
0.6657422780990601
0.6382084488868713
0.5949186682701111
0.6687814593315125
0.7418429255485535
0.6454716324806213
0.29162779450416565
0.4067992866039276
0.7049389481544495
0.7312716841697693
0.6888734698295593
0.7208665609359741
0.7095215916633606
0.7049024701118469
0.5593176484107971
0.33834028244018555
0.5911464095115662
0.6749918460845947
0.5725961327552795
0.7695693373680115
0.740787148475647
0.7454769015312195
0.7692196369171143
0.3518655598163605
0.7687583565711975
0.6655868887901306
0.6805538535118103
0.3225822448730469
0.6769979596138
0.744492769241333
0.6696290969848633
0.2732245922088623
0.5266554951667786
0.5210885405540466
0.5554583072662354
0.5625378489494324
0.5682389140129089
0.5734798908233643
0.5673531293869019
0.6106770038604736
0.6311503052711487
0.6181382536888123
0.29065945744514465
0.7927154898643494
0.796455442905426
0.8038392066955566
0.7937325239181519
0.2954288125038147
0.6801244616508484
0.531314492225647
0.5559726357460022
0.3040722608566284
0.5703151226043701
0.5535903573036194
0.5233659148216248
0.7706485390663147
0.728408932685852
0.6490952968597412
0.6377639174461365
0.7948281764984131
0.2921987771987915
0.7552213072776794
0.563472330570221
0.6005250811576843
0.5940268635749817
0.6833411455154419
0.3373326063156128
0.485225111246109
0.5651883482933044
0.5899404883384705
0.5466365218162537
0.24727603793144226
0.5442078113555908
0.7147330641746521
0.785190999507904
0.6880201697349548
0.4436175525188446
0.6303180456161499
0.5898228287696838
0.7357098460197449
0.7245059609413147
0.7690579295158386
0.33067217469215393
0.6924087405204773
0.6786835789680481
0.7136328816413879
0.7244864106178284
0.5970534682273865
0.7119670510292053
0.7232451438903809
0.35463353991508484
0.732140839099884
0.7221701145172119
0.37502941489219666
0.8233888149261475
0.7597484588623047
0.7351399064064026
0.5999265313148499
0.6304046511650085
0.5957618951797485
0.6325038075447083
0.6211034655570984
0.3671737313270569
0.35788121819496155
0.7275599837303162
0.763629674911499
0.7480844259262085
0.7979841828346252
0.7541078925132751
0.7672455310821533
0.6003636121749878
0.3275684416294098
0.7484458684921265
0.6643290519714355
0.7356906533241272
0.4361312687397003
0.7942574620246887
0.7677229046821594
0.7371415495872498
0.7120465636253357
0.6934208273887634
0.37094107270240784
0.6837119460105896
0.7873250842094421
0.7649527192115784
0.5925001502037048
0.6570821404457092
0.4948488175868988
0.28551024198532104
0.7210901975631714
0.663654088973999
0.5315065383911133
0.6641075015068054
0.514423668384552
0.49507322907447815
0.2958272099494934
0.6726168394088745
0.5208138823509216
0.6094509363174438
0.4361184537410736
0.8020285367965698
0.7561941742897034
0.40830931067466736
0.7329886555671692
0.7237690091133118
0.5277426838874817
0.600012481212616
0.5771425366401672
0.519338846206665
0.31565746665000916
0.5897394418716431
0.7499069571495056
0.698196530342102
0.29973652958869934
0.72260981798172
0.7410373091697693
0.7752686142921448
0.7155967354774475
0.758918046951294
0.7265862822532654
0.7260899543762207
0.7366035580635071
0.3511916995048523
0.6543917059898376
0.5251440405845642
0.6460655331611633
0.5328279137611389
0.5753379464149475
0.2697744369506836
0.6474290490150452
0.6890857815742493
0.6354031562805176
0.6381812691688538
0.7099118232727051
0.30649951100349426
0.7302574515342712
0.6896952390670776
0.36267074942588806
0.5779641270637512
0.7168072462081909
0.6554564237594604
0.7921702265739441
0.7610331773757935
0.8115840554237366
0.8212836384773254
0.41599157452583313
0.7625839114189148
0.3885229229927063
0.8047515749931335
0.5595014095306396
0.7071103453636169
0.6524857878684998
0.7366104125976562
0.7734919786453247
0.8230741620063782
0.36901578307151794
0.716402530670166
0.758937418460846
0.7480842471122742
0.6775175929069519
0.7381701469421387
0.35086920857429504
0.6207674145698547
0.7069788575172424
0.7967862486839294
0.6758720278739929
0.3119019567966461
0.7745037078857422
0.6543031334877014
0.6281792521476746
0.7646047472953796
0.6282401084899902
0.3573480248451233
0.6719937920570374
0.6217815279960632
0.6116787791252136
0.6130816340446472
0.45314836502075195
0.8035216331481934
0.7922407984733582
0.747331440448761
0.7700774073600769
0.7599793672561646
0.6991879343986511
0.4044196307659149
0.7507858276367188
0.7528285384178162
0.7523537278175354
0.725862979888916
0.7983234524726868
0.7858336567878723
0.4044764041900635
0.748724639415741
0.7885197401046753
0.8071406483650208
0.29790636897087097
0.7545530796051025
0.7609285712242126
0.7095628380775452
0.7501491904258728
0.7385063171386719
0.4081561267375946
0.4130302965641022
0.4274674654006958
0.47887739539146423
0.2935018539428711
0.43940749764442444
0.7886319160461426
0.3106352388858795
0.736505925655365
0.7645193338394165
0.3926520049571991
0.7733484506607056
0.7405444979667664
0.8174508810043335
0.6490081548690796
0.8311102986335754
0.3683266341686249
0.7519155144691467
0.6335886120796204
0.7177461981773376
0.30398252606391907
0.6243025660514832
0.6594409346580505
0.5518466830253601
0.7525877952575684
0.7854591012001038
0.45762893557548523
0.3088575303554535
0.7848587036132812
0.7803001403808594
0.5874187350273132
0.5463133454322815
0.700282633304596
0.34923210740089417
0.5959060788154602
0.6578313708305359
0.7248203158378601
0.47606414556503296
0.7178056836128235
0.6266774535179138
0.7167174220085144
0.5482595562934875
