0.4343036413192749
0.8007444739341736
0.7936708331108093
0.7936471104621887
0.8125128746032715
0.9331972002983093
0.7577047944068909
0.7463876008987427
0.8217275142669678
0.8400686383247375
0.8410347700119019
0.938329815864563
0.8379324078559875
0.44056227803230286
0.8305348753929138
0.7935568690299988
0.8340973258018494
0.698240339756012
0.8491287231445312
0.4111731946468353
0.839005172252655
0.9521449208259583
0.8508478999137878
0.830807626247406
0.780392050743103
0.8150302767753601
0.8077644109725952
0.3908993899822235
0.7846807837486267
0.9034410715103149
0.8097596764564514
0.8056790232658386
0.8009253144264221
0.8018794059753418
0.8246273398399353
0.7981320023536682
0.3007776737213135
0.9358210563659668
0.8175057768821716
0.8244675993919373
0.7830590605735779
0.5730920433998108
0.7683328986167908
0.8539414405822754
0.8338437676429749
0.8356041312217712
0.8467561602592468
0.949517548084259
0.576515257358551
0.5682016611099243
0.6178281903266907
0.9055007100105286
0.6424296498298645
0.6873301267623901
0.5435413718223572
0.6618079543113708
0.9174996018409729
0.9130110144615173
0.9026318192481995
0.9717356562614441
0.5079501271247864
0.7085598111152649
0.9160646796226501
0.9242080450057983
0.854381799697876
0.9396806359291077
0.30999597907066345
0.8558158278465271
0.8652911186218262
0.80185467004776
0.7774730324745178
0.8689208626747131
0.8154481053352356
0.7731594443321228
0.7853443026542664
0.9296505451202393
0.8411483764648438
0.8159679770469666
0.804069995880127
0.4258573651313782
0.7622650861740112
0.9306251406669617
0.9161011576652527
0.9386343359947205
0.736068606376648
0.8934568762779236
0.5001454949378967
0.9768046736717224
0.8427461981773376
0.8290107846260071
0.8449216485023499
0.828427791595459
0.837805449962616
0.8056545257568359
0.3632608950138092
0.9399965405464172
0.8305284380912781
0.9318814873695374
0.8629406690597534
0.8704695105552673
0.8832800388336182
0.884753406047821
0.4980059564113617
0.8521222472190857
0.7414351105690002
0.7904105186462402
0.4582843780517578
0.7449520230293274
0.3066173791885376
0.8862007260322571
0.7542901039123535
0.7343535423278809
0.27291199564933777
0.6902623176574707
0.4523095190525055
0.842206597328186
0.6502828598022461
0.6442821621894836
0.5518753528594971
0.6902623772621155
0.7530674338340759
0.9472777247428894
0.7530674338340759
0.4169641435146332
0.7529277205467224
0.7707247138023376
0.7529277205467224
0.7529277205467224
0.3210301697254181
0.853007972240448
0.8398420810699463
0.8406130075454712
0.8654027581214905
0.9268140196800232
0.7698118686676025
0.8368329405784607
0.8610097765922546
0.9292261600494385
0.8483188152313232
0.26091083884239197
0.8002170920372009
0.8343581557273865
0.8317336440086365
0.7994415760040283
0.5557363033294678
0.8408010601997375
0.3238196074962616
0.6905959248542786
0.7746216058731079
0.9600671529769897
0.7941165566444397
0.7837180495262146
0.7854086756706238
0.8110195994377136
0.820120632648468
0.9360024333000183
0.7939650416374207
0.8228652477264404
0.3439060151576996
0.7918075919151306
0.36010855436325073
0.8096305727958679
0.8442673087120056
0.7943180203437805
0.8589774370193481
0.840380847454071
0.8542340397834778
0.9397009015083313
0.8489100933074951
0.8244982957839966
0.8333209156990051
0.8139224648475647
0.36385464668273926
0.8245419859886169
0.8361473679542542
0.9101201891899109
0.8458964228630066
0.6040099859237671
0.7040724754333496
0.5563667416572571
0.8579989671707153
0.6101951003074646
0.5741432309150696
0.9625517129898071
0.798835039138794
0.35268571972846985
0.8232006430625916
0.8332236409187317
0.7919487953186035
0.9180991649627686
0.8238970637321472
0.8300614356994629
0.4185263216495514
0.778635561466217
0.8088627457618713
0.7993269562721252
0.8310908675193787
0.9508525729179382
0.830725371837616
0.8314386010169983
0.8107990026473999
0.910226047039032
0.8188338875770569
0.8007484078407288
0.32027527689933777
0.817766010761261
0.8132185935974121
0.8060812950134277
0.36777836084365845
0.8602380752563477
0.4074867069721222
0.39206257462501526
0.35074493288993835
0.37682050466537476
0.3830147087574005
0.2951168715953827
0.45164331793785095
0.9770423769950867
0.7383914589881897
0.7830471992492676
0.8646366596221924
0.8871142268180847
0.7830471992492676
0.8694861531257629
0.8055503964424133
0.5044204592704773
0.8101569414138794
0.9463686943054199
0.8270286321640015
0.83163982629776
0.8551995754241943
0.8743627071380615
0.7369788885116577
0.90708988904953
0.7488786578178406
0.759402334690094
0.7349476218223572
0.5088291168212891
0.7093718647956848
0.730923593044281
0.7778928875923157
0.9523436427116394
0.4504561722278595
0.8008604645729065
0.7847979664802551
0.7869086861610413
0.7987126708030701
0.7938113808631897
0.4861266016960144
0.5095875263214111
0.5871660113334656
0.9060642719268799
0.5636608600616455
0.43702906370162964
0.5900954604148865
0.5527025461196899
0.6559945940971375
0.9385144114494324
0.7851420640945435
0.6062912940979004
0.6860716938972473
0.3948265612125397
0.6944947838783264
0.7344833016395569
0.771413266658783
0.7631616592407227
0.8016397356987
0.7815889716148376
0.7702829837799072
0.7895609140396118
0.3127831518650055
0.8951627016067505
0.7619084715843201
0.9406678080558777
0.8278307318687439
0.8099482655525208
0.43340447545051575
0.7772387862205505
0.7945922017097473
0.8316342234611511
0.8016589879989624
0.4329555928707123
0.8229265809059143
0.8197410702705383
0.8282243013381958
0.7677146792411804
0.7788087725639343
0.9150107502937317
0.7714322209358215
0.7379787564277649
0.3582344353199005
0.4314591586589813
0.677082359790802
0.6637094616889954
0.3774147033691406
0.8938685655593872
0.7895844578742981
0.7771629691123962
0.8265672326087952
0.8161512017250061
0.8095419406890869
0.7725999355316162
0.38578110933303833
0.937404453754425
0.782302975654602
0.4037756621837616
0.7379207015037537
0.8444351553916931
0.8791016936302185
0.9364697337150574
0.8363580107688904
0.8243818879127502
0.8328015208244324
0.915902316570282
0.7889143824577332
0.7856119275093079
0.8093110918998718
0.811764657497406
0.32242801785469055
0.8037511706352234
0.5144155025482178
0.7460740804672241
0.6577226519584656
0.9253478646278381
0.567945122718811
0.693463921546936
0.5884268283843994
0.756762683391571
0.46997979283332825
0.9691845774650574
0.6458104252815247
0.4956965148448944
0.8264780640602112
0.6649625301361084
0.829108715057373
0.8144018650054932
0.7598773837089539
0.43022963404655457
0.7737709879875183
0.8899034857749939
0.7456039786338806
0.7752788662910461
0.749015748500824
0.7812554836273193
0.8416916131973267
0.8390131592750549
0.8288190364837646
0.8514133095741272
0.48846447467803955
0.9148144721984863
0.8371015191078186
0.8462742567062378
0.7118979096412659
0.6858029961585999
0.6888673901557922
0.6682637333869934
0.34940865635871887
0.7433890700340271
0.6685164570808411
0.9190244674682617
0.5994408130645752
0.830024003982544
0.814192533493042
0.922930896282196
0.8443973064422607
0.3627779185771942
0.8376696109771729
0.8482189178466797
0.7252064347267151
0.9678693413734436
0.7075100541114807
0.6037886738777161
0.7748580574989319
0.755039393901825
0.7429543137550354
0.7967947721481323
0.8360024094581604
0.8413758277893066
0.8330792188644409
0.8640777468681335
0.8694638013839722
0.8033767938613892
0.3861682116985321
0.9563223123550415
0.7467825412750244
0.7127130031585693
0.8208238482475281
0.7293595671653748
0.7449104189872742
0.8060769438743591
0.39131030440330505
0.9266432523727417
0.6371936202049255
0.7571128010749817
0.7633065581321716
0.7005614042282104
0.6927613615989685
0.8675597906112671
0.23906822502613068
0.6747412085533142
0.4045325219631195
0.45023244619369507
0.4325120449066162
0.4325012266635895
0.8262312412261963
0.2581740617752075
0.8526921272277832
0.9360573887825012
0.7822425961494446
0.36939871311187744
0.729308009147644
0.7592507600784302
0.7653070688247681
0.7283950448036194
0.7611826658248901
0.9219180941581726
0.7125434279441833
0.8051959872245789
0.36109524965286255
0.9371530413627625
0.8049586415290833
0.7957434058189392
0.7819384932518005
0.8480710983276367
0.6978655457496643
0.6897829174995422
0.7184143662452698
0.5153933167457581
0.6808164119720459
0.9173691868782043
0.8388835787773132
0.8095700740814209
0.8066698312759399
0.7924885749816895
0.8096634745597839
0.8198451399803162
0.8426849246025085
0.9289457201957703
0.8231268525123596
0.4360438883304596
0.8311792016029358
0.7858675122261047
0.8271811008453369
0.8175039887428284
0.4642750024795532
0.9181845784187317
0.8182382583618164
0.8184180855751038
0.9079305529594421
0.906597912311554
0.8714839816093445
0.961564838886261
0.9075018763542175
0.8974044919013977
0.4259495735168457
0.9053751826286316
0.667645275592804
0.9200629591941833
0.1965227723121643
0.6727781891822815
0.7514814734458923
0.7842550873756409
0.7116057276725769
0.7900255918502808
0.7924390435218811
0.808671772480011
0.833636999130249
0.8368614315986633
0.38211095333099365
0.9394834637641907
0.8542351126670837
0.8182714581489563
0.5128963589668274
0.8187896609306335
0.848866879940033
0.9424455761909485
0.6823640465736389
0.7453033924102783
0.7670871615409851
0.8206043243408203
0.7342332005500793
0.5006750226020813
0.7219486832618713
0.9427754878997803
0.39015841484069824
0.801444947719574
0.8792468905448914
0.7847616076469421
0.579599916934967
0.8900101780891418
0.4485275149345398
0.5386189818382263
0.6948558688163757
0.6633049845695496
0.36927759647369385
0.5972430109977722
0.876237690448761
0.8979429006576538
0.792695939540863
0.9531911015510559
0.32031017541885376
0.6601892113685608
0.8954599499702454
0.7776117324829102
0.7306116223335266
0.7645630240440369
0.7062084674835205
0.6757031083106995
0.41319945454597473
0.45173177123069763
0.7167178988456726
0.9139965176582336
0.4761715233325958
0.8149186968803406
0.7799041867256165
0.8057656288146973
0.8193040490150452
0.7939043641090393
0.8316476941108704
0.9094700217247009
0.4172091484069824
0.9374338984489441
0.6910352110862732
0.7867246270179749
0.6655494570732117
0.5932982563972473
0.6139733195304871
0.5241454243659973
0.8393115997314453
0.8478029370307922
0.8628305792808533
0.8293843865394592
0.8231235146522522
0.9305045008659363
0.7982779145240784
0.31706178188323975
0.666516125202179
0.9456287622451782
0.7085301280021667
0.7160446643829346
0.3534690737724304
0.7474896311759949
0.7554767727851868
0.75215083360672
0.8068621754646301
0.719264566898346
0.7117238640785217
0.8977026343345642
0.6878268718719482
0.7137128114700317
0.7401584982872009
0.23344412446022034
0.8039695620536804
0.7682957053184509
0.7573110461235046
0.42414161562919617
0.7940152287483215
0.9171323180198669
0.8045283555984497
0.8073614835739136
0.3150140643119812
0.7815620303153992
0.7281419038772583
0.7417886853218079
0.7520365118980408
0.8919944763183594
0.7564252018928528
0.7596395611763
0.7975298762321472
0.7667807936668396
0.8404465317726135
0.9558714032173157
0.816624104976654
0.7181365489959717
0.7171317338943481
0.6398807168006897
0.846379816532135
0.9321027398109436
0.852043092250824
0.8335949778556824
0.7731545567512512
0.8748770356178284
0.34263360500335693
0.7620126605033875
0.8090816736221313
0.7677958011627197
0.804977297782898
0.9271087050437927
0.6960673928260803
0.1980358511209488
0.8129873871803284
0.7644947171211243
0.398325115442276
0.3997635543346405
0.4046601951122284
0.892458438873291
0.4282025992870331
0.4290432929992676
0.4157528579235077
0.4141198694705963
0.8298179507255554
0.7920810580253601
0.7976636290550232
0.9503640532493591
0.7039296627044678
0.5100436806678772
0.8234527111053467
0.7887793183326721
0.491960734128952
0.7653789520263672
0.8360919952392578
0.9323306083679199
0.7717105746269226
0.47865262627601624
0.4713177978992462
0.5011159181594849
0.7945401072502136
0.8558826446533203
0.839868426322937
0.2084711790084839
0.8253061771392822
0.8360397219657898
0.7601681351661682
0.9559997916221619
0.8345910906791687
0.8558489084243774
0.8424273133277893
0.8345519304275513
0.8283476829528809
0.9312035441398621
0.42721351981163025
0.8519859910011292
0.8703553080558777
0.8507754802703857
0.41860079765319824
0.8599088788032532
0.8069077134132385
0.9406877160072327
0.8445398211479187
0.8528597354888916
0.8210628032684326
0.3461047410964966
0.8398063778877258
0.9417285323143005
0.8327354788780212
0.8227760791778564
0.8509172797203064
0.8237389326095581
0.8293125033378601
0.8294913172721863
0.8100407719612122
0.830766499042511
0.79743492603302
0.8229626417160034
0.449045330286026
0.9521073698997498
0.748252809047699
0.8112161755561829
0.8064574599266052
0.4180504083633423
0.7885064482688904
0.7715334892272949
0.7562652230262756
0.9620267152786255
0.26919686794281006
0.4205937683582306
0.639508068561554
0.45309364795684814
0.5457658767700195
0.8922486305236816
0.722452700138092
0.567720890045166
0.8329780101776123
0.4144362509250641
0.37962591648101807
0.8445135951042175
0.39513418078422546
0.45556148886680603
0.4231075644493103
0.9275148510932922
0.7586862444877625
0.4999239146709442
0.5006012320518494
0.9109916090965271
0.5927990078926086
0.6458730101585388
0.46393465995788574
0.6660668253898621
0.6984942555427551
0.6874670386314392
0.6847999691963196
0.6770760416984558
0.6759623885154724
0.902021586894989
0.673958420753479
0.3152896761894226
0.8064717650413513
0.8112140893936157
0.9122792482376099
0.8191848397254944
0.5227000117301941
0.8439493775367737
0.8308176398277283
0.9468267560005188
0.7400211691856384
0.37911999225616455
0.7313678860664368
0.9060534834861755
0.7695077657699585
0.8028796911239624
0.7962803244590759
0.7708660960197449
0.8446745276451111
0.9435053467750549
0.380087286233902
0.8077235817909241
0.8468739986419678
0.7863572239875793
0.818732738494873
0.8043835759162903
0.7731082439422607
0.7946716547012329
0.7720495462417603
0.904354989528656
0.7798694968223572
0.7888890504837036
0.7363170385360718
0.3508710265159607
0.6881033778190613
0.6515600681304932
0.4803381860256195
0.7233759760856628
0.47422757744789124
0.7216551303863525
0.3631795048713684
0.896819531917572
0.6854455471038818
0.9301217794418335
0.44635698199272156
0.8087435960769653
0.7243369221687317
0.44227901101112366
0.8134499192237854
0.39145800471305847
0.7955281734466553
0.9142928719520569
0.8064802885055542
0.7725328803062439
0.7745539546012878
0.8135038018226624
0.8244615197181702
0.2826070487499237
0.858087956905365
0.7556761503219604
0.4466158449649811
0.7371351718902588
0.8291851878166199
0.9128108024597168
0.7750139832496643
0.9661954641342163
0.25204840302467346
0.3082036077976227
0.6638328433036804
0.9220374822616577
0.697299063205719
0.6461948156356812
0.6331313252449036
0.5388270020484924
0.7679115533828735
0.8203911781311035
0.3232468366622925
0.8210065960884094
0.7805533409118652
0.8936476707458496
0.433229923248291
0.7914209961891174
0.46687331795692444
0.6017757058143616
0.3020658791065216
0.4819479286670685
0.5697566866874695
0.8919592499732971
0.6476799845695496
0.6239358186721802
0.7855655550956726
0.3464182913303375
0.4862947463989258
0.9446966052055359
0.8369419574737549
0.7296753525733948
0.7284618616104126
0.8409293293952942
