0.6611228585243225
0.7337830662727356
0.23531365394592285
0.6554601788520813
0.47397419810295105
0.6370089054107666
0.5474083423614502
0.5697289109230042
0.2492952048778534
0.6301934123039246
0.5534923076629639
0.5505779981613159
0.614618182182312
0.5672112703323364
0.3097522258758545
0.7166810035705566
0.7412298321723938
0.790425181388855
0.2574825584888458
0.634559154510498
0.6608055233955383
0.7024604678153992
0.6416648030281067
0.716065526008606
0.6349826455116272
0.6801422834396362
0.477446585893631
0.6445418000221252
0.47895219922065735
0.32404688000679016
0.7086370587348938
0.5803681015968323
0.6122631430625916
0.6517885327339172
0.6544781923294067
0.34393036365509033
0.65690678358078
0.6673985719680786
0.6116216778755188
0.36270904541015625
0.6314380764961243
0.6064201593399048
0.4597177803516388
0.58737713098526
0.7138733863830566
0.5914995670318604
0.6045259833335876
0.674582839012146
0.7167747616767883
0.6978055834770203
0.30391666293144226
0.6634779572486877
0.6814826130867004
0.4392857253551483
0.60636967420578
0.31441667675971985
0.5578069090843201
0.5710604190826416
0.5992477536201477
0.5658496022224426
0.7829387784004211
0.3432304561138153
0.6482220888137817
0.6884045004844666
0.7771095633506775
0.575157105922699
0.655311644077301
0.595339834690094
0.610504686832428
0.2784450054168701
0.4997253119945526
0.5777637362480164
0.2852073013782501
0.7096684575080872
0.6988487839698792
0.670718252658844
0.7178424000740051
0.6677974462509155
0.5424744486808777
0.29362332820892334
0.713740885257721
0.6052513718605042
0.5135541558265686
0.6862637400627136
0.30803924798965454
0.635559618473053
0.5655335783958435
0.30327358841896057
0.24076148867607117
0.6569983959197998
0.6314300894737244
0.571812093257904
0.5992236733436584
0.36819761991500854
0.6358089447021484
0.6156864166259766
0.5443350672721863
0.6071823835372925
0.2401854693889618
0.5461499094963074
0.3407667577266693
0.44867444038391113
0.6380090117454529
0.5670596361160278
0.5841636061668396
0.6485077142715454
0.2141171395778656
0.6920409202575684
0.256200909614563
0.5864756107330322
0.6208345293998718
0.5557352304458618
0.5405672192573547
0.5883601903915405
0.6132383942604065
0.319671630859375
0.34186431765556335
0.6297236084938049
0.6150883436203003
0.27451249957084656
0.5733936429023743
0.58073490858078
0.42154768109321594
0.4910687208175659
0.503542959690094
0.24249182641506195
0.6734609603881836
0.5885621905326843
0.6648737788200378
0.33034008741378784
0.6810287833213806
0.6165722608566284
0.5438124537467957
0.61082524061203
0.6483480334281921
0.37613898515701294
0.5874663591384888
0.6236329078674316
0.6070517897605896
0.29129961133003235
0.7263747453689575
0.7104601263999939
0.6810667514801025
0.6448541283607483
0.4780046045780182
0.7095075249671936
0.6080465912818909
0.5070250630378723
0.7859892249107361
0.7279652953147888
0.5900575518608093
0.6614358425140381
0.3292936384677887
0.6440370082855225
0.6578522324562073
0.5737603306770325
0.5432348847389221
0.40695247054100037
0.4515269696712494
0.5420237183570862
0.3751929700374603
0.29445743560791016
0.525338351726532
0.5566447377204895
0.5705482363700867
0.5860998034477234
0.33195486664772034
0.4742925465106964
0.5943107008934021
0.510592520236969
0.24278007447719574
0.55941241979599
0.7318204641342163
0.6789833307266235
0.5930600166320801
0.6083316206932068
0.4650288224220276
0.27908140420913696
0.43863019347190857
0.5818551778793335
0.3170284926891327
0.6508806347846985
0.6332454085350037
0.5211610198020935
0.7240967750549316
0.5167822241783142
0.6367249488830566
0.6650168299674988
0.5051098465919495
0.595548689365387
0.36365655064582825
0.4727558195590973
0.3279775381088257
0.5326680541038513
0.608613908290863
0.6151705980300903
0.6392349600791931
0.6382395625114441
0.430606871843338
0.4956188499927521
0.6359867453575134
0.21572723984718323
0.4908279478549957
0.4306124746799469
0.2652314007282257
0.7319422364234924
0.46576234698295593
0.5535374283790588
0.4498956501483917
0.5743401646614075
0.3563680052757263
0.5136296153068542
0.664691150188446
0.5863822102546692
0.6667373776435852
0.668550431728363
0.715873658657074
0.7048988342285156
0.6728240251541138
0.6211301684379578
0.43951427936553955
0.6388548016548157
0.6385658383369446
0.6388013362884521
0.6263430714607239
0.616445004940033
0.3215060234069824
0.6729684472084045
0.6107237935066223
0.648137629032135
0.5649954676628113
0.3328489363193512
0.6143296957015991
0.6628231406211853
0.3067254424095154
0.6595261693000793
0.5644083619117737
0.5291677117347717
0.5911450982093811
0.5288834571838379
0.6658770442008972
0.5966673493385315
0.6250353455543518
0.6473020911216736
0.6033696532249451
0.35217365622520447
0.4819030165672302
0.5304279327392578
0.5601294636726379
0.5277311205863953
0.3196725845336914
0.5224504470825195
0.5473547577857971
0.5103422403335571
0.5041347146034241
0.24430641531944275
0.6694269776344299
0.5419389605522156
0.2581554651260376
0.6613807082176208
0.48276081681251526
0.643313467502594
0.589396059513092
0.6687307953834534
0.5281869769096375
0.44263941049575806
0.3053509593009949
0.6672869324684143
0.5882007479667664
0.6599857807159424
0.617783784866333
0.2497023642063141
0.6616030931472778
0.5159850716590881
0.6421285271644592
0.5932582020759583
0.27226313948631287
0.6522927284240723
0.5759711861610413
0.6461613774299622
0.5209009051322937
0.6778237223625183
0.2794564366340637
0.7680847644805908
0.7399563789367676
0.7750783562660217
0.496069997549057
0.6239370703697205
0.6128498315811157
0.5532050132751465
0.6626251339912415
0.4383920133113861
0.5244867205619812
0.2353050410747528
0.5079252123832703
0.6189965009689331
0.5532230734825134
0.7079888582229614
0.6068893074989319
0.22210632264614105
0.535990297794342
0.6842159628868103
0.24331679940223694
0.317184180021286
0.5179513096809387
0.5494706630706787
0.570059061050415
0.3423503637313843
0.6176720261573792
0.5871755480766296
0.6073291301727295
0.6820021271705627
0.26451268792152405
0.6115660071372986
0.4953405559062958
0.49006959795951843
0.4718343913555145
0.2591610252857208
0.30838343501091003
0.5552923679351807
0.48780542612075806
0.4912111461162567
0.6641163229942322
0.5719479322433472
0.5881893038749695
0.6367504596710205
0.7316038012504578
0.49866142868995667
0.3257637321949005
0.5361085534095764
0.6639392971992493
0.47528645396232605
0.27307894825935364
0.6302493810653687
0.5639578700065613
0.5498592257499695
0.3080502152442932
0.6552126407623291
0.5758447051048279
0.5940039753913879
0.5487504601478577
0.6134960055351257
0.5889332890510559
0.606112003326416
0.6873356699943542
0.5993332266807556
0.2955974042415619
0.6021997928619385
0.6641513705253601
0.6126723885536194
0.6453084349632263
0.5756502747535706
0.2738734781742096
0.665435254573822
0.6576246619224548
0.5903465151786804
0.31650295853614807
0.5566715002059937
0.7114676237106323
0.707754373550415
0.5806133151054382
0.6208618879318237
0.548856794834137
0.6179517507553101
0.5957127809524536
0.31514042615890503
0.6829916834831238
0.3648932874202728
0.45245361328125
0.5249000191688538
0.21811841428279877
0.43228915333747864
0.620903491973877
0.6034106612205505
0.3889128267765045
0.2077832669019699
0.5168628096580505
0.49270960688591003
0.6651204228401184
0.6107602119445801
0.23102356493473053
0.528816819190979
0.5467023849487305
0.3838312327861786
0.5560521483421326
0.26396963000297546
0.5357671976089478
0.6415950655937195
0.5711554884910583
0.6712419986724854
0.7002334594726562
0.2593212425708771
0.4828864634037018
0.6322152614593506
0.5986520648002625
0.31832095980644226
0.5480665564537048
0.6827118396759033
0.7327186465263367
0.2219635546207428
0.6629487872123718
0.5736483931541443
0.6495110392570496
0.2625271677970886
0.6918283700942993
0.6890805959701538
0.6735110282897949
0.6958557367324829
0.5293882489204407
0.6498557925224304
0.37573379278182983
0.5906010270118713
0.5915735363960266
0.6434788107872009
0.6473345160484314
0.6525191068649292
0.683224081993103
0.5285324454307556
0.27481451630592346
0.7084169983863831
0.6813568472862244
0.21569707989692688
0.6933014988899231
0.6924408674240112
0.7030976414680481
0.6129242777824402
0.31999191641807556
0.3493921458721161
0.6255309581756592
0.5352120399475098
0.6442134976387024
0.5202328562736511
0.719918429851532
0.6434071063995361
0.6851364374160767
0.7237738966941833
0.3286295235157013
0.6984574198722839
0.6511529088020325
0.5439841747283936
0.6776868104934692
0.6633785367012024
0.2934909164905548
0.6261836886405945
0.49352559447288513
0.6174280643463135
0.6601577997207642
0.5547412633895874
0.671073853969574
0.2390054166316986
0.6533994078636169
0.19058576226234436
0.5431191921234131
0.6332864761352539
0.6074579358100891
0.5842114090919495
0.6739467978477478
0.24463596940040588
0.6408714652061462
0.580231249332428
0.6108974814414978
0.3275088667869568
0.6051528453826904
0.5499775409698486
0.21013765037059784
0.5751411318778992
0.47634556889533997
0.6772412657737732
0.21503423154354095
0.6932902932167053
0.5008324980735779
0.6291491389274597
0.5236606001853943
0.6468454003334045
0.6013243794441223
0.7412455081939697
0.6265981197357178
0.4596523344516754
0.270176500082016
0.5697919726371765
0.5293092131614685
0.5438553690910339
0.6587652564048767
0.22374804317951202
0.6509440541267395
0.5905978679656982
0.5528573393821716
0.25648486614227295
0.505281925201416
0.542098343372345
0.5804435610771179
0.5711695551872253
0.7060707211494446
0.584254801273346
0.621025562286377
0.7388310432434082
0.2658390998840332
0.5310865044593811
0.2245391607284546
0.5965248346328735
0.5351484417915344
0.597225546836853
0.583082377910614
0.7019888162612915
0.2268957644701004
0.6453803181648254
0.6810827851295471
0.6280694007873535
0.6699094176292419
0.5741796493530273
0.616920530796051
0.4932214915752411
0.5208609700202942
0.24558362364768982
0.7254179120063782
0.5785090327262878
0.5702841877937317
0.6051934361457825
0.6026352643966675
0.6493179798126221
0.22186623513698578
0.6231629848480225
0.6308897137641907
0.5054700374603271
0.7309178709983826
0.7034693360328674
0.5884942412376404
0.24953773617744446
0.5107908844947815
0.5742583274841309
0.6007243990898132
0.2629830241203308
0.5048885941505432
0.514329195022583
0.6869437098503113
0.6080204248428345
0.25567319989204407
0.5478581786155701
0.49863293766975403
0.7378796339035034
0.6784942150115967
0.7008363008499146
0.4425762891769409
0.6182226538658142
0.19577611982822418
0.6878658533096313
0.6525739431381226
0.3411744236946106
0.6090763211250305
0.6248293519020081
0.6733323931694031
0.6713305115699768
0.4774385690689087
0.4881727993488312
0.5239470601081848
0.30145883560180664
0.5713582634925842
0.2995700538158417
0.6657073497772217
0.3172501027584076
0.6061530113220215
0.6040348410606384
0.636403501033783
0.6791890263557434
0.6945521235466003
0.3012082576751709
0.5863173604011536
0.5095433592796326
0.6677505373954773
0.6131758689880371
0.6127803921699524
0.2590144872665405
0.42533260583877563
0.6345660090446472
0.6517533659934998
0.6473305821418762
0.2616780400276184
0.66390460729599
0.6359822750091553
0.5926056504249573
0.2319096475839615
0.5295233726501465
0.5842699408531189
0.630967378616333
0.31084027886390686
0.6166301369667053
0.5648760199546814
0.6085959672927856
0.4252358376979828
0.5953795313835144
0.772943913936615
0.5179752111434937
0.5998796224594116
0.5204139947891235
