0.2845599949359894
0.6855531930923462
0.6635650992393494
0.874140202999115
0.7319977283477783
0.620352029800415
0.7311944365501404
0.7191831469535828
0.32843443751335144
0.7136620879173279
0.6355141997337341
0.5842893719673157
0.5899354219436646
0.5982261300086975
0.5599497556686401
0.8838688731193542
0.6652454733848572
0.8658977150917053
0.6682168841362
0.6732106804847717
0.24370363354682922
0.6101180911064148
0.8007703423500061
0.6727771162986755
0.7049140930175781
0.7020336985588074
0.7455124258995056
0.706834614276886
0.6299635171890259
0.8752481937408447
0.7182557582855225
0.2830634117126465
0.7430240511894226
0.3740803897380829
0.7691774368286133
0.9022025465965271
0.7746716141700745
0.7302934527397156
0.7510241866111755
0.7205736637115479
0.6439045071601868
0.2638995349407196
0.5885911583900452
0.7491881847381592
0.7350502610206604
0.9022310376167297
0.7509282231330872
0.7265451550483704
0.5701633095741272
0.5887418389320374
0.3826741874217987
0.8977439999580383
0.647503137588501
0.5913633704185486
0.557196855545044
0.6081578135490417
0.7254059910774231
0.6603499054908752
0.7316272854804993
0.6217585206031799
0.8047239184379578
0.9193506836891174
0.48262855410575867
0.6215165853500366
0.6820329427719116
0.6607853174209595
0.6575332283973694
0.2897588610649109
0.24533966183662415
0.6220518946647644
0.6891239285469055
0.8900024890899658
0.6053038835525513
0.6673243641853333
0.7276132106781006
0.30798062682151794
0.7270923852920532
0.5858383774757385
0.5595414042472839
0.859337329864502
0.6984493732452393
0.9103779196739197
0.8050419688224792
0.599479615688324
0.7649242281913757
0.7363049387931824
0.5486646890640259
0.4827558100223541
0.6275375485420227
0.6656706929206848
0.6579102873802185
0.8851175904273987
0.31603509187698364
0.6644957065582275
0.6537090539932251
0.6925991177558899
0.3564970791339874
0.6841251254081726
0.7903715372085571
0.8995169997215271
0.6960826516151428
0.6142703294754028
0.6882173418998718
0.6718003749847412
0.7259161472320557
0.6840247511863708
0.7166497111320496
0.7189689874649048
0.2931325435638428
0.8765842318534851
0.7800671458244324
0.7052863240242004
0.5918930172920227
0.612639844417572
0.5481865406036377
0.22764170169830322
0.5577285885810852
0.8893288969993591
0.7180231213569641
0.6222521662712097
0.6598601937294006
0.6384963393211365
0.8416731953620911
0.5604602694511414
0.8022518754005432
0.9226741790771484
0.7729730606079102
0.4021281599998474
0.6703310608863831
0.7205515503883362
0.7171502709388733
0.30730703473091125
0.605377733707428
0.897400438785553
0.6786400675773621
0.6810370683670044
0.29625576734542847
0.6365891098976135
0.6460949182510376
0.6522053480148315
0.6888075470924377
0.7005653977394104
0.704974889755249
0.8808952569961548
0.5556900501251221
0.6036550402641296
0.5992854237556458
0.6963041424751282
0.5696449875831604
0.3081916868686676
0.5832672119140625
0.8850210905075073
0.6490140557289124
0.5725268721580505
0.5874215364456177
0.548224151134491
0.3005449175834656
0.8718537092208862
0.6841440796852112
0.6979662775993347
0.6670236587524414
0.8644683361053467
0.6564028859138489
0.6862284541130066
0.6770702004432678
0.6497282981872559
0.29583895206451416
0.6848130226135254
0.6839327216148376
0.22215059399604797
0.6861010789871216
0.6548990607261658
0.6262763738632202
0.7120093107223511
0.6844706535339355
0.859996497631073
0.23616984486579895
0.5128850340843201
0.4573296010494232
0.48989465832710266
0.4691976308822632
0.8789096474647522
0.28567031025886536
0.6076729893684387
0.6768611073493958
0.8691394925117493
0.3442327082157135
0.6516631841659546
0.6956430077552795
0.6820934414863586
0.6928266882896423
0.6561513543128967
0.6982870697975159
0.8821238875389099
0.3749643862247467
0.6935094594955444
0.7042438387870789
0.6811332106590271
0.7005054950714111
0.717490017414093
0.6049085855484009
0.8688177466392517
0.6754868626594543
0.6359780430793762
0.31048640608787537
0.7482989430427551
0.6306965947151184
0.6840495467185974
0.6520094871520996
0.6478932499885559
0.2829611599445343
0.6888211369514465
0.5622794032096863
0.6622002124786377
0.666355550289154
0.8500164151191711
0.6582809686660767
0.9080930352210999
0.581364095211029
0.5093010067939758
0.2679712772369385
0.28455671668052673
0.7493894696235657
0.590067446231842
0.7000455856323242
0.867404043674469
0.7148194313049316
0.3832162320613861
0.732133686542511
0.6330429315567017
0.6962666511535645
0.6744489073753357
0.3456292450428009
0.6236408352851868
0.5697072744369507
0.5275222659111023
0.48455551266670227
0.8763431310653687
0.5769937038421631
0.6108245849609375
0.622024655342102
0.6168991327285767
0.6395686268806458
0.31102511286735535
0.556967556476593
0.9267393946647644
0.6238406300544739
0.7042673230171204
0.6786871552467346
0.7150786519050598
0.6961765885353088
0.9496008157730103
0.589219331741333
0.41749927401542664
0.6822954416275024
0.5814078450202942
0.329733669757843
0.6255361437797546
0.7696928977966309
0.9293866753578186
0.6842307448387146
0.7194154858589172
0.7539706230163574
0.7490960955619812
0.7411162257194519
0.578294038772583
0.6117975115776062
0.8851616978645325
0.3077191412448883
0.5858635306358337
0.6981986165046692
0.6968938708305359
0.6498634219169617
0.7250500917434692
0.716481626033783
0.7195265889167786
0.7525491118431091
0.9290059208869934
0.2979004979133606
0.7678703665733337
0.7448669075965881
0.7001659274101257
0.7114837765693665
0.8932668566703796
0.322325736284256
0.6916420459747314
0.6605169773101807
0.7246827483177185
0.25651493668556213
0.6673336029052734
0.6787283420562744
0.8768429160118103
0.6396601796150208
0.6334506869316101
0.6423757672309875
0.6681860685348511
0.692344605922699
0.5910131931304932
0.6795362234115601
0.6543055176734924
0.6074661016464233
0.7055001854896545
0.256844699382782
0.8468924164772034
0.7098625302314758
0.6358329057693481
0.7341394424438477
0.8714268803596497
0.7012647986412048
0.7234193682670593
0.33956441283226013
0.6570647954940796
0.5999317765235901
0.8853376507759094
0.24236062169075012
0.6791066527366638
0.718694269657135
0.7462024092674255
0.7170670628547668
0.7183505892753601
0.5816646218299866
0.5539527535438538
0.5793793797492981
0.317712664604187
0.5618422627449036
0.8752440214157104
0.6191571354866028
0.5692846775054932
0.42120566964149475
0.6110488772392273
0.5851648449897766
0.9182389974594116
0.5965979695320129
0.36733153462409973
0.645043134689331
0.32528555393218994
0.666199266910553
0.8635922074317932
0.6156152486801147
0.5234703421592712
0.6952604651451111
0.696820855140686
0.30881574749946594
0.693331778049469
0.756278395652771
0.8694984316825867
0.7782681584358215
0.7620946168899536
0.6498380899429321
0.37122538685798645
0.7467736601829529
0.6898863911628723
0.6662630438804626
0.8757837414741516
0.6403523683547974
0.6869768500328064
0.2981748878955841
0.675835907459259
0.6153866648674011
0.6647223830223083
0.561903715133667
0.26838812232017517
0.6304726004600525
0.850521981716156
0.6179774403572083
0.6970428228378296
0.6525508761405945
0.6074424386024475
0.6649410128593445
0.7225177884101868
0.681606113910675
0.6813511848449707
0.38713356852531433
0.6518538594245911
0.6911198496818542
0.9212092161178589
0.5355576872825623
0.6574764847755432
0.7019473910331726
0.9106069207191467
0.3899036943912506
0.5636776089668274
0.5969346761703491
0.5728709101676941
0.30125242471694946
0.210274338722229
0.6552285552024841
0.8835692405700684
0.7133327722549438
0.6217559576034546
0.6735060214996338
0.6040315628051758
0.6970188021659851
0.8524450063705444
0.6505902409553528
0.6350976228713989
0.6668415665626526
0.2451709508895874
0.698461651802063
0.5151129961013794
0.6350609660148621
0.4736768305301666
0.6527097821235657
0.31560006737709045
0.5845595598220825
0.6149670481681824
0.6455021500587463
0.8921592831611633
0.5672146081924438
0.8827505111694336
0.5849711894989014
0.7058262228965759
0.5811488628387451
0.6730936169624329
0.370630145072937
0.5060463547706604
0.6942102313041687
0.9046071767807007
0.7225737571716309
0.3042047917842865
0.5420534610748291
0.6739407181739807
0.6703588962554932
0.454610139131546
0.7277857661247253
0.7030869722366333
0.7429657578468323
0.6933991312980652
0.7229236960411072
0.6810219287872314
0.3229501247406006
0.8787716031074524
0.6921557188034058
0.8869844675064087
0.5699846148490906
0.2867732048034668
0.6087127327919006
0.4858042299747467
0.46097496151924133
0.6487154364585876
0.31640616059303284
0.6409708857536316
0.6400592923164368
0.6463640332221985
0.6429239511489868
0.6470488905906677
0.6936405301094055
0.8551273941993713
0.7429127097129822
0.6402334570884705
0.7345722317695618
0.7403268218040466
0.7155829071998596
0.6151416897773743
0.3171480596065521
0.9136900901794434
0.6761419177055359
0.8731541037559509
0.5846105813980103
0.24575355648994446
0.6099738478660583
0.5199422240257263
0.6776443123817444
0.6682292819023132
0.6766257882118225
0.6593248248100281
0.596817672252655
0.8881161212921143
0.6744335293769836
0.637179434299469
0.28258511424064636
0.6450345516204834
0.30837687849998474
0.7521806359291077
0.7370158433914185
0.8955813646316528
0.7283836603164673
0.6636548638343811
0.7021043300628662
0.7129314541816711
0.7116712331771851
0.7120466232299805
0.6772304773330688
0.891071081161499
0.6995616555213928
0.6694359183311462
0.654416561126709
0.34812256693840027
0.5625399947166443
0.5719160437583923
0.7492576241493225
0.2895969748497009
0.6066766381263733
0.8695765137672424
0.6369916796684265
0.6245822310447693
0.6882219314575195
0.3214051127433777
0.6752697825431824
0.6182108521461487
0.6839866042137146
0.860334038734436
0.6655140519142151
0.6267748475074768
0.25561314821243286
0.7268009781837463
0.41264477372169495
0.7779690623283386
0.7195164561271667
0.8916118741035461
0.7434282898902893
0.3378462791442871
0.546445906162262
0.5955486297607422
0.30441656708717346
0.6024718880653381
0.5768539309501648
0.6134340763092041
0.5990555882453918
0.8279103636741638
0.6607537269592285
0.895933985710144
0.5449667572975159
0.3214420974254608
0.5768439769744873
0.5219414830207825
0.6520054936408997
0.6201246380805969
0.7282400727272034
0.8636667132377625
0.7277060151100159
0.6948980689048767
0.7698860168457031
0.25314095616340637
0.7409740090370178
0.6881338953971863
0.6963604092597961
0.6675670742988586
0.6683517098426819
0.7000886797904968
0.6807120442390442
0.9004613757133484
0.6774458885192871
0.31646761298179626
0.7038196921348572
0.5568733215332031
0.5019581913948059
0.21177709102630615
0.42256125807762146
0.4665750563144684
0.6047142148017883
0.8571084141731262
0.6111152172088623
0.6607680320739746
0.585152804851532
0.8900517821311951
0.3157768249511719
0.6203882694244385
0.6737878322601318
0.5640671849250793
0.6732733845710754
0.29121679067611694
0.6213292479515076
0.6776725649833679
0.6694738268852234
0.5975742936134338
0.6306132078170776
0.8682640194892883
0.65272456407547
0.8738184571266174
0.7102230787277222
0.7173233032226562
0.3054373562335968
0.685332715511322
0.6952040791511536
0.7173296809196472
0.6519700884819031
0.7493939995765686
0.3328278958797455
0.7142078280448914
0.7637744545936584
0.7144414186477661
0.6763656735420227
0.9097869396209717
0.626661479473114
0.8461382985115051
0.5985398888587952
0.2725580036640167
0.6780652403831482
0.6823156476020813
0.5690945982933044
0.6766196489334106
0.6499825716018677
0.7084651589393616
0.625977635383606
0.6562073826789856
0.5218583345413208
0.6604359745979309
0.625284731388092
0.9247826933860779
0.7421050667762756
0.7784829139709473
0.7367668151855469
0.7461348176002502
0.7224350571632385
0.8677887320518494
0.3339180052280426
0.6743879914283752
0.7023945450782776
0.5598320364952087
0.34683457016944885
0.8562025427818298
0.31967300176620483
0.7008814811706543
0.3266426622867584
0.6842918992042542
0.6825149655342102
0.6227819323539734
0.6843908429145813
0.8879684805870056
0.6276678442955017
0.2718872129917145
0.6073151230812073
0.6727564930915833
0.2259463518857956
0.7092130184173584
0.5886655449867249
0.6845831274986267
0.6266407370567322
0.8800984025001526
0.6457807421684265
0.6562954783439636
0.7212432026863098
0.6921445727348328
0.6713910102844238
0.6198635101318359
0.31773555278778076
0.641778290271759
0.5817832350730896
0.9063081741333008
0.6370970010757446
0.5883663296699524
0.6011793613433838
0.8742560744285583
0.594506561756134
0.5991272330284119
0.6290132999420166
0.2553763687610626
0.6696086525917053
0.8576380610466003
0.3048844039440155
0.6475002765655518
0.6173840165138245
0.599219024181366
0.6400675177574158
0.6023328900337219
0.7385647892951965
0.9144254326820374
0.6976447105407715
0.7267317771911621
0.6828790903091431
0.7836243510246277
0.7973230481147766
0.2986771762371063
0.7311608195304871
0.28213679790496826
0.6037536263465881
0.5871091485023499
0.6620247960090637
0.8583621382713318
0.6758987307548523
0.6988651752471924
0.5961833596229553
0.2895229756832123
0.7178211212158203
0.8703683614730835
0.6317728161811829
0.6108652353286743
0.497781902551651
0.5683934092521667
0.6885581612586975
0.5797352194786072
0.6759369969367981
0.9204384684562683
0.6895537972450256
0.3814813792705536
0.6431951522827148
0.7159779667854309
0.5716230869293213
0.6717238426208496
0.5957828164100647
0.5876681208610535
0.5721725225448608
0.8520262837409973
0.6240959167480469
0.29256972670555115
0.7436198592185974
0.7071080207824707
0.7581533193588257
0.7489616274833679
0.6737824082374573
0.29769283533096313
0.6824475526809692
0.8574422001838684
0.6202601194381714
0.8526929616928101
0.6776973605155945
0.6090660095214844
0.6916093230247498
0.6754581332206726
0.24374940991401672
0.6614828705787659
0.5171124339103699
0.5590526461601257
0.5698894262313843
0.8416669368743896
0.5547351241111755
0.48569920659065247
0.5111141204833984
0.3431166112422943
0.6635546088218689
0.6170474886894226
0.6450618505477905
0.8716586828231812
0.649698793888092
0.6524308919906616
0.5883916020393372
0.24885985255241394
0.7390984892845154
0.7906672358512878
0.8050165176391602
0.7274450659751892
0.7422195076942444
0.2909994423389435
0.6512026190757751
0.882743775844574
0.6910766959190369
0.5932294726371765
0.3054978847503662
0.292723685503006
0.5626940131187439
0.6357637643814087
0.6130056381225586
0.8832761645317078
0.6732725501060486
0.6502772569656372
0.6800369024276733
0.8572714924812317
0.5682801008224487
0.6900650858879089
0.3176294267177582
0.6932829022407532
0.7239071726799011
0.18808338046073914
0.7269221544265747
0.5368933081626892
0.1692408323287964
0.7274647355079651
0.5698778033256531
0.916771650314331
0.5658847689628601
0.8445455431938171
0.6378004550933838
0.28451356291770935
0.6284649968147278
0.5701414942741394
0.46462228894233704
0.5776049494743347
0.4484429955482483
0.6202480792999268
0.6565532684326172
0.7136914134025574
0.32743915915489197
0.8932042717933655
0.6376293301582336
0.6702417731285095
0.6398526430130005
0.574665367603302
0.31867527961730957
0.8882064819335938
0.5904249548912048
0.6398526430130005
0.3282264769077301
0.6474670171737671
0.7636789679527283
0.40995466709136963
0.6487047672271729
0.7407144904136658
0.731779158115387
0.5491500496864319
0.7184157967567444
0.8887603878974915
