0.7895035147666931
0.8523063659667969
0.34615570306777954
0.7755988836288452
0.7630854845046997
0.7554047703742981
0.7382931113243103
0.7525357604026794
0.7745461463928223
0.8078089952468872
0.4659179151058197
0.9290252327919006
0.9272651076316833
0.9675441384315491
0.9520033001899719
0.8579408526420593
0.30971941351890564
0.8525089621543884
0.8604934811592102
0.8854917883872986
0.5493783354759216
0.875045895576477
0.8894787430763245
0.930942177772522
0.8975641131401062
0.883296549320221
0.8997746109962463
0.903662383556366
0.3771170377731323
0.9465917348861694
0.45989665389060974
0.8829454183578491
0.9112445712089539
0.9158962965011597
0.9232330918312073
0.964967668056488
0.7067120671272278
0.4008133113384247
0.786626398563385
0.7825888991355896
0.7911574244499207
0.8930101990699768
0.9218934178352356
0.8901422619819641
0.8886544108390808
0.9690085649490356
0.9015427231788635
0.6565995812416077
0.8628365397453308
0.6341923475265503
0.32590463757514954
0.7386229634284973
0.8565435409545898
0.9477878212928772
0.8114234209060669
0.7322258949279785
0.8742648959159851
0.934392511844635
0.44414475560188293
0.769025444984436
0.9364418387413025
0.8477368950843811
0.9234033226966858
0.9741860032081604
0.7959842681884766
0.73387211561203
0.43189942836761475
0.8864094614982605
0.8931085467338562
0.9462257623672485
0.9167339205741882
0.9044103622436523
0.9206497669219971
0.9087074398994446
0.47227856516838074
0.9149458408355713
0.8995108604431152
0.9467887282371521
0.8106417655944824
0.824123740196228
0.4466641843318939
0.7677783370018005
0.8042579293251038
0.8874265551567078
0.893363893032074
0.8798873424530029
0.825887143611908
0.9075153470039368
0.319486141204834
0.9469576478004456
0.9511218667030334
0.7901683449745178
0.9291071891784668
0.9746036529541016
0.9375807642936707
0.7718996405601501
0.555789053440094
0.7446854114532471
0.7333771586418152
0.9174548983573914
0.7131926417350769
0.7970930337905884
0.8691520094871521
0.8589075207710266
0.8508990406990051
0.9165933728218079
0.8591445088386536
0.5022043585777283
0.8419485092163086
0.9370608925819397
0.39827796816825867
0.82814621925354
0.8359382152557373
0.8184271454811096
0.8893709778785706
0.4459572434425354
0.8921469449996948
0.9577719569206238
0.8943557143211365
0.8923628330230713
0.48074349761009216
0.8324461579322815
0.8676239848136902
0.8498694896697998
0.8491855263710022
0.9237616658210754
0.3833373785018921
0.861787736415863
0.8159525990486145
0.9462191462516785
0.8961651921272278
0.8903561234474182
0.8374660015106201
0.9503754377365112
0.9344201683998108
0.8498863577842712
0.9418229460716248
0.9717060327529907
0.6073809862136841
0.9176809191703796
0.8546329140663147
0.8679184913635254
0.8655499815940857
0.8328267335891724
0.8624486327171326
0.9294455647468567
0.853374183177948
0.8112898468971252
0.6242461800575256
0.859327495098114
0.8054696321487427
0.8015928864479065
0.3931018114089966
0.8371943831443787
0.7970301508903503
0.9061747789382935
0.7561647891998291
0.28988707065582275
0.7273111939430237
0.767181932926178
0.7492390275001526
0.9411597847938538
0.8921031355857849
0.958474338054657
0.9148216843605042
0.9322172403335571
0.3983391225337982
0.958474338054657
0.7529624104499817
0.8901700973510742
0.7736129760742188
0.7247271537780762
0.8179917931556702
0.35838189721107483
0.516044020652771
0.7459308505058289
0.7939996719360352
0.8669093251228333
0.7731314301490784
0.9440615773200989
0.7573124170303345
0.9580724835395813
0.7451425790786743
0.5647041201591492
0.8460774421691895
0.6182571649551392
0.8535550832748413
0.9664433002471924
0.8536320328712463
0.8380018472671509
0.7275485992431641
0.8535550832748413
0.8453671336174011
0.43536198139190674
0.9694090485572815
0.9694090485572815
0.9546107649803162
0.9433315396308899
0.8358086943626404
0.8272672891616821
0.7496564388275146
0.83358234167099
0.39477717876434326
0.9355021119117737
0.9184672832489014
0.9095727801322937
0.8871281147003174
0.5465279817581177
0.9070395827293396
0.9421393275260925
0.5723802447319031
0.5571227669715881
0.357644647359848
0.6843904256820679
0.6823008060455322
0.8787074089050293
0.8765819072723389
0.3240499198436737
0.8869734406471252
0.9427406191825867
0.8746537566184998
0.8645434379577637
0.7878929972648621
0.8149223327636719
0.7809622883796692
0.9536138772964478
0.5095020532608032
0.8441908955574036
0.9011079668998718
0.9186378121376038
0.9001244306564331
0.4107992947101593
0.9023575186729431
0.9465269446372986
0.29785341024398804
0.8776950240135193
0.8594682216644287
0.914003849029541
0.8799237012863159
0.8413497805595398
0.5160810351371765
0.9402303099632263
0.9497634768486023
0.9772627353668213
0.9512581825256348
0.9421365857124329
0.8866444230079651
0.8885437846183777
0.8966112732887268
0.970606803894043
0.6434805393218994
0.8966112732887268
0.8719801306724548
0.8891301155090332
0.8862758874893188
0.42112067341804504
0.8925079107284546
0.9322595000267029
0.40098825097084045
0.9167102575302124
0.9209523797035217
0.9244072437286377
0.9339638948440552
0.9633058309555054
0.7944104671478271
0.3961138427257538
0.8147419095039368
0.8945117592811584
0.8209441304206848
0.8358115553855896
0.8140181303024292
0.7979946732521057
0.7461660504341125
0.9024426341056824
0.32212117314338684
0.8076933026313782
0.9054368138313293
0.8904914259910583
0.3942919075489044
0.9699324369430542
0.8609644174575806
0.8861008882522583
0.9649597406387329
0.9679105877876282
0.9734254479408264
0.9484399557113647
0.4133608341217041
0.9829468131065369
0.8190013766288757
0.9494046568870544
0.3852800130844116
0.8569429516792297
0.8584375977516174
0.8584379553794861
0.3963639438152313
0.8987684845924377
0.7964593768119812
0.8282078504562378
0.8018656373023987
0.8158656358718872
0.8392476439476013
0.8652529120445251
0.47432711720466614
0.9256817102432251
0.8451855182647705
0.7359525561332703
0.8794998526573181
0.7565756440162659
0.8221674561500549
0.9345522522926331
0.8731222748756409
0.6023423075675964
0.9080798029899597
0.9226041436195374
0.9207180142402649
0.9305540919303894
0.378369003534317
0.967837929725647
0.8642215728759766
0.9309897422790527
0.36525198817253113
0.8417384028434753
0.8544532656669617
0.853014349937439
0.4401535093784332
0.8296892046928406
0.8323821425437927
0.8296892046928406
0.8285333514213562
0.9237759709358215
0.7592970728874207
0.7998886704444885
0.33207908272743225
0.8858397006988525
0.7248938679695129
0.7611095309257507
0.602816104888916
0.8399518132209778
0.8495754599571228
0.8971458673477173
0.8788626790046692
0.9667350053787231
0.35342317819595337
0.9359888434410095
0.8311432003974915
0.8480205535888672
0.8619204163551331
0.8648861050605774
0.3274482190608978
0.8411861658096313
0.7585200667381287
0.9430922865867615
0.8124654293060303
0.8922358751296997
0.927712082862854
0.9266671538352966
0.8939980864524841
0.9626068472862244
0.3247525990009308
0.9291600584983826
0.8981570601463318
0.8981570601463318
0.9023790955543518
0.9716091752052307
0.9033923745155334
0.4320213496685028
0.8519973158836365
0.42745253443717957
0.8552533388137817
0.8267412185668945
0.8231623768806458
0.9058555364608765
0.39903363585472107
0.9488136172294617
0.8811596035957336
0.8866807222366333
0.9066532254219055
0.8855065703392029
0.8981560468673706
0.9335010647773743
0.8899965286254883
0.8947528004646301
0.4152284562587738
0.9004722237586975
0.915459156036377
0.9153497219085693
0.8853506445884705
0.9054716229438782
0.3481749892234802
0.9386899471282959
0.7523053288459778
0.6800161004066467
0.4436891973018646
0.6593648195266724
0.7687227129936218
0.9209478497505188
0.8793719410896301
0.9478337168693542
0.8754545450210571
0.8710936903953552
0.8779292702674866
0.34288835525512695
0.7670934200286865
0.7843660712242126
0.7716166377067566
0.46261903643608093
0.7674967646598816
0.9019411206245422
0.8355621695518494
0.8545810580253601
0.8378413915634155
0.7837343811988831
0.30235663056373596
0.9288387894630432
0.6975740790367126
0.9124404788017273
0.6381432414054871
0.3016260266304016
0.6160592436790466
0.6566929221153259
0.7875379920005798
0.26437076926231384
0.7330366969108582
0.9050514101982117
0.7508651614189148
0.8024664521217346
0.9086641073226929
0.8457692265510559
0.42948541045188904
0.8979634046554565
0.8720114827156067
0.9411270022392273
0.897171676158905
0.8975312113761902
0.8263857364654541
0.9276998043060303
0.41288337111473083
0.9559206962585449
0.8649171590805054
0.40889355540275574
0.9137999415397644
0.8695266842842102
0.8598962426185608
0.9490714073181152
0.8925989270210266
0.8914093375205994
0.497645765542984
0.93563312292099
0.9064082503318787
0.893405020236969
0.347494512796402
0.8936200737953186
0.9019655585289001
0.8705678582191467
0.8764832615852356
0.9481027722358704
0.918547511100769
0.9323936104774475
0.9295775294303894
0.9591630101203918
0.9299360513687134
0.5128095746040344
0.9465993046760559
0.96760493516922
0.9418513774871826
0.27866801619529724
0.9469850659370422
0.9339507222175598
0.8809428811073303
0.9237481951713562
0.8901970386505127
0.3651563227176666
0.8840019106864929
0.8736573457717896
0.9377632141113281
0.8696724772453308
0.8070439696311951
0.901702344417572
0.9245802164077759
0.9652824401855469
0.8898907899856567
0.8878030180931091
0.8699151873588562
0.8885020613670349
0.43279507756233215
0.9472114443778992
0.9331490397453308
0.961799144744873
0.9154145121574402
0.5112136602401733
0.9448532462120056
0.9212917685508728
0.6362530589103699
0.9580700397491455
0.820639967918396
0.5825536847114563
0.8176056742668152
0.8239893913269043
0.8965309858322144
0.7314726710319519
0.8364764451980591
0.9457078576087952
0.8957738280296326
0.4233148694038391
0.9304134249687195
0.9671518802642822
0.9308883547782898
0.9344114661216736
0.3372898995876312
0.9345513582229614
0.9549959301948547
0.9571729302406311
0.9739211797714233
0.8806144595146179
0.9739212393760681
0.9739212393760681
0.44349443912506104
0.8440858721733093
0.8296661972999573
0.8165358901023865
0.8457976579666138
0.9212670922279358
0.9156589508056641
0.9032376408576965
0.924165666103363
0.34428486227989197
0.9015823006629944
0.9529154896736145
0.8847188353538513
0.8765456080436707
0.8984217643737793
0.8978772759437561
0.3501088321208954
0.9404279589653015
0.9285195469856262
0.9310864806175232
0.9302025437355042
0.9566919207572937
0.3749420642852783
0.9291057586669922
0.8978756070137024
0.8959588408470154
0.41580894589424133
0.9333357214927673
0.8869611024856567
0.8968444466590881
0.9280046224594116
0.9174687266349792
0.5376394987106323
0.9138254523277283
0.9297209978103638
0.9633423686027527
0.6152871251106262
0.8531676530838013
0.8558748364448547
0.7948771119117737
0.8396398425102234
0.9278987050056458
0.785685122013092
0.4104088544845581
0.8114555478096008
0.9234666228294373
0.8531948328018188
0.8192918300628662
0.7250373363494873
0.7754775285720825
0.7776880264282227
0.9015207886695862
0.6396880745887756
0.7871452569961548
0.8107286691665649
0.7850105166435242
0.8211646676063538
0.3871285319328308
0.9026235938072205
0.9382922649383545
0.3589737117290497
0.7642320394515991
0.8460665941238403
0.7055253386497498
0.7485790848731995
0.8894959688186646
0.8609545826911926
0.9377397894859314
0.8646126389503479
0.8491198420524597
0.5969952940940857
0.8535769581794739
0.9298908114433289
0.947765052318573
0.7860820889472961
0.4436832368373871
0.934586226940155
0.9606626629829407
