0.3576824367046356
0.6917895078659058
0.6866233348846436
0.717914342880249
0.6997765898704529
0.6967455148696899
0.6028360724449158
0.620223879814148
0.5928102731704712
0.5691372752189636
0.4307309687137604
0.6485611200332642
0.6934866905212402
0.3857177793979645
0.6188756823539734
0.6813976168632507
0.6872237920761108
0.6839187741279602
0.7364287972450256
0.7168837189674377
0.7586862444877625
0.7533677220344543
0.7058157920837402
0.3107687532901764
0.6629443764686584
0.6708417534828186
0.6274966597557068
0.3993884027004242
0.6545190215110779
0.6708095669746399
0.6207016110420227
0.7083167433738708
0.6829461455345154
0.6717743873596191
0.3564401865005493
0.6983494162559509
0.6738814115524292
0.7654810547828674
0.5778666138648987
0.6111500859260559
0.7868973612785339
0.7375254034996033
0.5511189699172974
0.4093543291091919
0.8565526604652405
0.809444010257721
0.8305344581604004
0.43109214305877686
0.29000505805015564
0.6691023111343384
0.6573421359062195
0.7266393899917603
0.6995232701301575
0.6311819553375244
0.6786906123161316
0.35466936230659485
0.5806211829185486
0.5659046769142151
0.4599669277667999
0.6147047877311707
0.5056157112121582
0.5139676928520203
0.6003830432891846
0.6251184344291687
0.5994919538497925
0.6073551774024963
0.7781846523284912
0.769792377948761
0.3426719009876251
0.6689574122428894
0.7563018798828125
0.7839619517326355
0.6633087992668152
0.8220112919807434
0.768013060092926
0.7293562293052673
0.4145093858242035
0.48459169268608093
0.5302401185035706
0.6901801228523254
0.6946578025817871
0.6068448424339294
0.18068358302116394
0.5021889209747314
0.4580363631248474
0.6955776810646057
0.27672433853149414
0.7029791474342346
0.44790926575660706
0.45193877816200256
0.6513320803642273
0.4570731222629547
0.6258826851844788
0.38134971261024475
0.3336445987224579
0.43765944242477417
0.764072835445404
0.721714198589325
0.7403050661087036
0.6153833270072937
0.3579879105091095
0.7561071515083313
0.6404430866241455
0.19677063822746277
0.6570507884025574
0.6548816561698914
0.649658203125
0.6567695736885071
0.5215280055999756
0.29745396971702576
0.5091792345046997
0.49094483256340027
0.48087623715400696
0.5806509852409363
0.6592205762863159
0.5458213090896606
0.6421307921409607
0.5386673808097839
0.30213627219200134
0.6485360264778137
0.27955201268196106
0.695978045463562
0.6859126687049866
0.7377750277519226
0.6500670909881592
0.3518012464046478
0.6492280960083008
0.6990618109703064
0.6922380924224854
0.7373859286308289
0.4164651334285736
0.7646688222885132
0.40828096866607666
0.6835338473320007
0.24288639426231384
0.1094496101140976
0.4584672749042511
0.43618300557136536
0.7521622180938721
0.7442853450775146
0.7774679064750671
0.31164008378982544
0.7749841809272766
0.6720696091651917
0.5321937203407288
0.4830898940563202
0.402701735496521
0.49374571442604065
0.5068515539169312
0.5103633403778076
0.7643508911132812
0.37229281663894653
0.6174501776695251
0.7155009508132935
0.7523980140686035
0.7245832085609436
0.4200122654438019
0.6159366965293884
0.20762380957603455
0.46436288952827454
0.2744700312614441
0.4838285446166992
0.5475684404373169
0.28389689326286316
0.5719555616378784
0.4799822270870209
0.6311772465705872
0.35483959317207336
0.5514576435089111
0.5636618733406067
0.29931092262268066
0.6016334891319275
0.5950077176094055
0.659634530544281
0.6807999610900879
0.715430498123169
0.3673897981643677
0.5310670137405396
0.6950224041938782
0.7275457978248596
0.4449126720428467
0.5087891221046448
0.46848899126052856
0.5086314678192139
0.5821868777275085
0.5091326832771301
0.44656288623809814
0.44415655732154846
0.4765607714653015
0.3106805384159088
0.4418593645095825
0.3429666757583618
0.4905329644680023
0.45792558789253235
0.33435171842575073
0.41332384943962097
0.4989950358867645
0.46039101481437683
0.6738296151161194
0.4601653516292572
0.27565401792526245
0.6814777255058289
0.7404801249504089
0.7266777157783508
0.29074373841285706
0.5820446014404297
0.4994361698627472
0.4165608882904053
0.5223912596702576
0.48637655377388
0.6966285705566406
0.727885365486145
0.7063348889350891
0.6834529638290405
0.3606213629245758
0.7588629126548767
0.5761838555335999
0.6718682646751404
0.5906088948249817
0.4496133625507355
0.4110635221004486
0.5209358334541321
0.4973424971103668
0.3240868151187897
0.5132058262825012
0.5270261764526367
0.498943954706192
0.5149276852607727
0.7133731245994568
0.6273421049118042
0.38347575068473816
0.7271762490272522
0.6523358225822449
0.6394051909446716
0.7694225907325745
0.7518936395645142
0.3773021399974823
0.7523506879806519
0.7558216452598572
0.7366896271705627
0.6180381774902344
0.5181061029434204
0.657014012336731
0.5192663073539734
0.6521949172019958
0.5942345261573792
0.4204719364643097
0.5907890200614929
0.639478862285614
0.45658859610557556
0.5438050031661987
0.648998498916626
0.28542426228523254
0.6241117119789124
0.6078041791915894
0.7055025696754456
0.4549759328365326
0.5719192028045654
0.7705690264701843
0.5828455090522766
0.513863742351532
0.43592706322669983
0.7306550145149231
0.7072594165802002
0.7156849503517151
0.4354933500289917
0.7312174439430237
0.7163476943969727
0.6543949246406555
0.6627040505409241
0.7354490160942078
0.31153354048728943
0.7512536644935608
0.7227279543876648
0.7465569972991943
0.7213147282600403
0.6855527758598328
0.6151592135429382
0.7178296446800232
0.6659888029098511
0.42638224363327026
0.6971511244773865
0.6621649861335754
0.5774961113929749
0.351608544588089
0.7867924571037292
0.8166354894638062
0.8190514445304871
0.6091663241386414
0.5009663701057434
0.4979729950428009
0.4123118221759796
0.671673059463501
0.4746861755847931
0.1303405910730362
0.623585045337677
0.3769136965274811
0.23739562928676605
0.6939830183982849
0.37427738308906555
0.529578685760498
0.46994566917419434
0.5501500368118286
0.4060627222061157
0.580991268157959
0.5299966335296631
0.5184374451637268
0.6539697051048279
0.5951940417289734
0.6304294466972351
0.39625856280326843
0.47040072083473206
0.7705422639846802
0.6125245690345764
0.3922564685344696
0.7259100675582886
0.6791669130325317
0.6616150736808777
0.5031440854072571
0.33927348256111145
0.4283106327056885
0.46258267760276794
0.45193347334861755
0.4795607924461365
0.7819135189056396
0.6595610976219177
0.7864558100700378
0.7095448970794678
0.7713255286216736
0.4430123567581177
0.4102761745452881
0.4889897406101227
0.31485870480537415
0.48546451330184937
0.6773120164871216
0.49250587821006775
0.6556300520896912
0.6708710789680481
0.7172444462776184
0.6862454414367676
0.6349958777427673
0.42249029874801636
0.7386289834976196
0.5621907711029053
0.7083849310874939
0.7550697922706604
0.689762532711029
0.2714187204837799
0.3700326383113861
0.47901660203933716
0.6026403307914734
0.46819519996643066
0.5307140350341797
0.43648019433021545
0.5584399700164795
0.6613635420799255
0.7657886147499084
0.38315704464912415
0.60421222448349
0.6578713655471802
0.38413313031196594
0.6783134341239929
0.598388671875
0.48554325103759766
0.49208346009254456
0.6334338188171387
0.6602584719657898
0.4120917022228241
0.5432929396629333
0.38359102606773376
0.5409886240959167
0.5720356106758118
0.6627236008644104
0.6457144618034363
0.4558856785297394
0.5858210921287537
0.6942643523216248
0.33829352259635925
0.5454582571983337
0.32599765062332153
0.6473075151443481
0.6424115300178528
0.7264466881752014
0.6862912774085999
0.6450242400169373
0.7306086421012878
0.4540320932865143
0.6862908005714417
0.683627188205719
0.6581312417984009
0.33969107270240784
0.6294777393341064
0.6153205037117004
0.6538113355636597
0.6321661472320557
0.551606297492981
0.7803532481193542
0.7623358964920044
0.7681900262832642
0.7075398564338684
0.24165640771389008
0.7081428170204163
0.5780876278877258
0.6197617650032043
0.6458031535148621
0.3185947835445404
0.6302036643028259
0.5894226431846619
0.6493744254112244
0.4057520627975464
0.399066299200058
0.6904220581054688
0.6488692164421082
0.6787952780723572
0.7873464226722717
0.7579739689826965
0.7848662734031677
0.1613994687795639
0.7796123027801514
0.6570389866828918
0.7373289465904236
0.32411670684814453
0.7024293541908264
0.6925148367881775
0.7269613146781921
0.6721767783164978
0.5421581864356995
0.48683053255081177
0.2966219186782837
0.593420147895813
0.48101338744163513
0.4761057496070862
0.5668362975120544
0.3708629310131073
0.7296763062477112
0.7062672972679138
0.5837120413780212
0.7389135956764221
0.6456358432769775
0.604434072971344
0.6335543990135193
0.19398348033428192
0.5706040263175964
0.5853769779205322
0.6434351801872253
0.6399509310722351
0.3948958218097687
0.5872477889060974
0.652073323726654
0.7462082505226135
0.5134560465812683
0.46890637278556824
0.7309237718582153
0.397177129983902
0.42474228143692017
0.7396523356437683
0.6380534768104553
0.6376945972442627
0.6253857016563416
0.5342158675193787
0.6005306839942932
0.31733614206314087
0.6425738334655762
0.17270809412002563
0.6559856534004211
0.6330578327178955
0.47911131381988525
0.6137455701828003
0.44569990038871765
0.5077438354492188
0.4574131667613983
0.4608626961708069
0.3169376850128174
0.48938149213790894
0.6084566712379456
0.5729691386222839
0.4384673237800598
0.5623676180839539
0.5390790104866028
0.47201696038246155
0.6298611760139465
0.42537903785705566
0.33772680163383484
0.6408560872077942
0.6218109726905823
0.5994948148727417
0.7333959937095642
0.7343593835830688
0.5302486419677734
0.6543760299682617
0.2932720184326172
0.7271553874015808
0.2892898619174957
0.7148680090904236
0.7407639622688293
0.7145866751670837
0.7348674535751343
0.7063922882080078
0.5728650093078613
0.23830318450927734
0.5297597646713257
0.5458528399467468
0.6400277018547058
0.6257330775260925
0.5150008797645569
0.5266616940498352
0.7084044814109802
0.3191593289375305
0.5133094787597656
0.5372123122215271
0.5811209678649902
0.5751757025718689
0.5653337240219116
0.5134380459785461
0.5783270001411438
0.5294290781021118
0.5399219393730164
0.5170004963874817
0.5381445288658142
0.402127742767334
0.6183263659477234
0.6562411189079285
0.7288312315940857
0.7616531848907471
0.6298497319221497
0.4707145690917969
0.47068265080451965
0.46619972586631775
0.6983848810195923
0.5812492966651917
0.6873568892478943
0.6934011578559875
0.41702812910079956
0.7099912762641907
0.7127711772918701
0.26046887040138245
0.6812937259674072
0.5850018262863159
0.6178703904151917
0.6904240846633911
0.6415249109268188
0.3282307982444763
0.6902771592140198
0.644966185092926
0.6647849678993225
0.6137384176254272
0.6659399271011353
0.6017510294914246
0.3655966520309448
0.6693587899208069
0.7055665850639343
0.6991730332374573
0.5605190992355347
0.7019915580749512
0.5334450006484985
0.40476518869400024
0.6069121360778809
0.7500845789909363
0.4544706344604492
0.5910769104957581
0.575279176235199
0.6735453605651855
0.500602662563324
0.25691691040992737
0.33043456077575684
0.41392001509666443
0.46128928661346436
0.36362549662590027
0.4097597301006317
0.5244149565696716
0.6140477657318115
0.560285747051239
0.22554907202720642
0.5144761204719543
0.525751531124115
0.2526174783706665
0.6264705061912537
0.2939656674861908
0.4675145745277405
0.4493449926376343
0.5719469785690308
0.29293200373649597
0.6497458815574646
0.5676174163818359
0.5126284956932068
0.3444391191005707
0.33310115337371826
0.6064239144325256
0.4127950966358185
0.5197623372077942
0.22431471943855286
0.7080328464508057
0.4261055886745453
0.4058343172073364
