0.3487888276576996
0.5667797923088074
0.6284921765327454
0.667763888835907
0.6500276923179626
0.6246518492698669
0.6757106184959412
0.7208114266395569
0.6765065789222717
0.36241891980171204
0.6884394884109497
0.7496249079704285
0.39416876435279846
0.6484314799308777
0.7380343079566956
0.7145367860794067
0.7601523399353027
0.6445664167404175
0.7103974223136902
0.3980744183063507
0.6930135488510132
0.6908510327339172
0.6496584415435791
0.6986002326011658
0.6478186249732971
0.6241971850395203
0.620365560054779
0.6410149931907654
0.46090975403785706
0.653540313243866
0.5864184498786926
0.6568006873130798
0.5958544611930847
0.592621386051178
0.6759129762649536
0.48941799998283386
0.5832398533821106
0.6222298741340637
0.5024412274360657
0.5890080332756042
0.732465922832489
0.780680239200592
0.6320045590400696
0.6320157647132874
0.7298815250396729
0.5741267800331116
0.741438090801239
0.8172054886817932
0.5512154698371887
0.5000892281532288
0.69017094373703
0.685847818851471
0.6748007535934448
0.26683172583580017
0.4364987313747406
0.4903017580509186
0.542777955532074
0.7008345127105713
0.7182424664497375
0.6889978051185608
0.6561406850814819
0.5929942727088928
0.6199174523353577
0.49988076090812683
0.5259209275245667
0.583097517490387
0.5439152717590332
0.5358285903930664
0.3867635428905487
0.5466505885124207
0.5339978337287903
0.5002912878990173
0.5277518630027771
0.5797332525253296
0.4181714653968811
0.5828273892402649
0.5320776104927063
0.5980184674263
0.7158271670341492
0.7012631297111511
0.6929970979690552
0.6943851113319397
0.6453461647033691
0.31505778431892395
0.37604641914367676
0.6491085290908813
0.5867835879325867
0.5930562615394592
0.6450580954551697
0.6488208770751953
0.5995464324951172
0.6339972019195557
0.6621452569961548
0.5127608180046082
0.644724428653717
0.609615683555603
0.46526333689689636
0.5135095119476318
0.46075060963630676
0.5149991512298584
0.5414466261863708
0.4932768940925598
0.3819580674171448
0.6684977412223816
0.6486964821815491
0.6059169173240662
0.6195797324180603
0.6800373792648315
0.4392714202404022
0.7296000719070435
0.6741474270820618
0.6257188320159912
0.6103432178497314
0.5805482864379883
0.6141669750213623
0.6413541436195374
0.3852839767932892
0.5555940270423889
0.6972333192825317
0.6730729937553406
0.7384483814239502
0.4456041753292084
0.7602615356445312
0.7971169352531433
0.7296625971794128
0.7575795650482178
0.4166492223739624
0.5080607533454895
0.5197286009788513
0.5485770106315613
0.5496397614479065
0.5150279998779297
0.5846101641654968
0.5466248989105225
0.4886523187160492
0.3726640045642853
0.45826995372772217
0.5744299292564392
0.6382953524589539
0.39028236269950867
0.541476309299469
0.6658446192741394
0.6155102252960205
0.5960977673530579
0.6662750244140625
0.6987139582633972
0.6578521728515625
0.7214617133140564
0.6626805663108826
0.5095800161361694
0.6861971020698547
0.7744833827018738
0.41616714000701904
0.7446516752243042
0.7492058873176575
0.7539201974868774
0.5647682547569275
0.512897789478302
0.6079838871955872
0.17508555948734283
0.5431721806526184
0.5179818868637085
0.5028985142707825
0.49024829268455505
0.6318974494934082
0.6427031755447388
0.7006462216377258
0.6855118870735168
0.6891301274299622
0.7100580334663391
0.7044804692268372
0.46906521916389465
0.5876412987709045
0.5751333832740784
0.48127275705337524
0.5854761004447937
0.6034275889396667
0.44656631350517273
0.4668467342853546
0.5744751691818237
0.3822217285633087
0.6153320074081421
0.5379310846328735
0.5541085600852966
0.6495680212974548
0.5541091561317444
0.7057424187660217
0.6467987298965454
0.606548011302948
0.6878548264503479
0.547751247882843
0.6890247464179993
0.6407431960105896
0.6603057980537415
0.43645450472831726
0.7311804890632629
0.5549213886260986
0.6443437337875366
0.6212137341499329
0.613135039806366
0.635709285736084
0.3905383050441742
0.5881325006484985
0.5340068936347961
0.5443897843360901
0.6836903691291809
0.686505138874054
0.6154261231422424
0.6329603791236877
0.5934638381004333
0.6372299790382385
0.2932545840740204
0.7135651707649231
0.6394268870353699
0.7359632253646851
0.7163706421852112
0.6862006783485413
0.6642345190048218
0.7102575898170471
0.6734169721603394
0.513163685798645
0.3514942228794098
0.6183210015296936
0.6444421410560608
0.5655338764190674
0.5878726840019226
0.6574235558509827
0.3832707107067108
0.7241073846817017
0.6326249241828918
0.4761604964733124
0.581275463104248
0.596038281917572
0.561007022857666
0.690486490726471
0.6804566979408264
0.36785075068473816
0.6179825067520142
0.7034682035446167
0.6164498925209045
0.5466122627258301
0.5279965996742249
0.6095733642578125
0.6302621960639954
0.3969160318374634
0.5248731970787048
0.7123730182647705
0.6881964802742004
0.6946092247962952
0.7123730182647705
0.5925140380859375
0.6602675318717957
0.6057144403457642
0.5741797089576721
0.5785142183303833
0.5555672645568848
0.38591712713241577
0.5875915288925171
0.6876360774040222
0.7173214554786682
0.6530155539512634
0.6328710913658142
0.6585620641708374
0.40921711921691895
0.5824070572853088
0.35866084694862366
0.6027871966362
0.6945143938064575
0.6703048348426819
0.6474752426147461
0.6253820061683655
0.34394198656082153
0.542091429233551
0.6708824634552002
0.6792183518409729
0.6091020703315735
0.5478619933128357
0.434707909822464
0.6308416128158569
0.6357023119926453
0.5937821865081787
0.6317177414894104
0.4188757538795471
0.6707133650779724
0.8027762174606323
0.7314682006835938
0.7703246474266052
0.8489328026771545
0.5247504711151123
0.5335068702697754
0.5220634341239929
0.5507634282112122
0.4250005781650543
0.4734894931316376
0.455292671918869
0.5189634561538696
0.5303078293800354
0.5610989928245544
0.31669357419013977
0.48078015446662903
0.5515415072441101
0.5206413865089417
0.29953327775001526
0.520283579826355
0.6233200430870056
0.581261396408081
0.4788937568664551
0.5496492981910706
0.5281937718391418
0.512825071811676
0.4899631142616272
0.4621102213859558
0.6128517389297485
0.49777981638908386
0.6326109766960144
0.6042605638504028
0.6089728474617004
0.43807801604270935
0.5703771710395813
0.5603253245353699
0.5469680428504944
0.5516206622123718
0.3889724314212799
0.5495731234550476
0.589765727519989
0.5480908155441284
0.5722597241401672
0.6082702279090881
0.4492376744747162
0.5429091453552246
0.5997310280799866
0.6860571503639221
0.5861929059028625
0.5452052354812622
0.6280049681663513
0.3780781030654907
0.5643033385276794
0.7306184768676758
0.5708317160606384
0.6098961234092712
0.47546979784965515
0.5513530969619751
0.5610527396202087
0.5772257447242737
0.4355708062648773
0.4560944736003876
0.3053206503391266
0.4070373773574829
0.5862583518028259
0.31898337602615356
0.6010710597038269
0.3928016722202301
0.6309859156608582
0.6272003650665283
0.7287082076072693
0.6389791369438171
0.3613159954547882
0.7351076006889343
0.5991828441619873
0.7458840012550354
0.6880015730857849
0.5052823424339294
0.6261330246925354
0.7982079982757568
0.5828822255134583
0.7610467076301575
0.34877994656562805
0.5425665974617004
0.5354114174842834
0.549376368522644
0.5384063720703125
0.5093854665756226
0.6085551977157593
0.713122546672821
0.4132421016693115
0.6889444589614868
0.46164530515670776
0.6096341013908386
0.1941230148077011
0.588885486125946
0.4799993336200714
0.5455181002616882
0.711473822593689
0.5490972399711609
0.5217880606651306
0.4087207615375519
0.581449568271637
0.533283531665802
0.5526471138000488
0.5453285574913025
0.6353188157081604
0.6492130160331726
0.6921426653862
0.622848629951477
0.35261937975883484
0.6766908168792725
0.644501805305481
0.6773032546043396
0.42609360814094543
0.6946185827255249
0.6473896503448486
0.6769155859947205
0.8075302839279175
0.6997858881950378
0.34137365221977234
0.6795153021812439
0.7524667978286743
0.5943508148193359
0.46982571482658386
0.48824748396873474
0.5358228087425232
0.4974723160266876
0.3488213121891022
0.4957076609134674
0.3390350639820099
0.740410327911377
0.7208901643753052
0.7476605772972107
0.5801406502723694
0.6870214343070984
0.6711573600769043
0.689948558807373
0.45316895842552185
0.6836572885513306
0.7127888798713684
0.7282003164291382
0.4232918918132782
0.4470497667789459
0.5170487761497498
0.5355878472328186
0.4891766905784607
0.5201790928840637
0.6764640212059021
0.6737403273582458
0.7084748148918152
0.6737759709358215
0.42381778359413147
0.676721453666687
0.5388568043708801
0.15735109150409698
0.5550535321235657
0.5788924694061279
0.4729473292827606
0.6307774186134338
0.5706761479377747
0.5257537364959717
0.5578083992004395
0.513431191444397
0.5686496496200562
0.5718974471092224
0.5765907764434814
0.4797617793083191
0.3935023248195648
0.5499064326286316
0.5482521057128906
0.567032516002655
0.7731809020042419
0.514533519744873
0.7319851517677307
0.4817650318145752
0.7151811718940735
0.7087410092353821
0.5785830616950989
0.6501813530921936
0.5819143652915955
0.6212435364723206
0.4584888219833374
0.5858301520347595
0.3812887370586395
0.519734263420105
0.42675116658210754
0.48245495557785034
0.46354326605796814
0.42652764916419983
0.4287474751472473
0.5552863478660583
0.5222194790840149
0.5868135094642639
0.5522931218147278
0.607417106628418
0.5768569111824036
0.5191940069198608
0.5695380568504333
0.5680585503578186
0.4154021739959717
0.5483769178390503
0.6842541098594666
0.6878184080123901
0.4761699140071869
0.5903284549713135
0.6901420950889587
0.4934615194797516
0.6789645552635193
0.6350945830345154
0.6473032832145691
0.43405139446258545
0.6587935090065002
0.6671748161315918
0.645892322063446
0.3989541828632355
0.5535386204719543
0.6219896674156189
0.5951645374298096
0.5576552748680115
0.35590770840644836
0.6415573358535767
0.5803568363189697
0.6541924476623535
0.6392008662223816
0.6161938309669495
0.5520865321159363
0.5598406791687012
0.554980456829071
0.5932427048683167
0.5884078741073608
0.41144731640815735
0.5286322832107544
0.6024958491325378
0.2780400216579437
0.5261535048484802
0.5728419423103333
0.6095531582832336
0.37035855650901794
0.5925040245056152
0.5961341857910156
0.6371986865997314
0.5348290801048279
0.5223223567008972
0.6250840425491333
0.6262608766555786
0.39071962237358093
0.6506708264350891
0.6699427962303162
0.6077774167060852
0.6224741339683533
0.5811142325401306
0.6779859662055969
0.5776762366294861
0.5734307169914246
0.4301987886428833
0.611231803894043
0.5968360304832458
0.6139623522758484
0.47341784834861755
0.6413642168045044
0.5858315229415894
0.6548817753791809
0.6214501261711121
0.6537739634513855
0.7102517485618591
0.4000273048877716
0.742128312587738
0.5306113958358765
0.5431150794029236
0.635525643825531
0.619609534740448
0.280061811208725
0.5372107625007629
0.6409230828285217
0.679898738861084
0.6883189082145691
0.4265109598636627
0.6863470673561096
0.6563891172409058
0.6908504366874695
0.48770666122436523
0.7696849703788757
0.4718257784843445
0.25812041759490967
0.4308927357196808
0.35092538595199585
0.5156264901161194
0.5292981266975403
0.49866214394569397
0.48560717701911926
0.5343007445335388
0.2660422921180725
0.765529453754425
0.6843438744544983
0.7759784460067749
0.7243682742118835
0.7815521359443665
0.3046344220638275
0.501078188419342
0.5211018919944763
0.585827648639679
0.39434418082237244
0.6034614443778992
0.7208157181739807
0.7396944165229797
0.41812601685523987
0.7349185347557068
0.7468801140785217
0.6469050049781799
