-1.3641186952590942
46.70821762084961
48.44623565673828
48.15991973876953
33.650779724121094
48.8280029296875
45.78525161743164
41.30084991455078
42.88595962524414
37.139183044433594
7.1056671142578125
49.17778778076172
50.477996826171875
2.757835865020752
40.44355010986328
45.80516052246094
49.931121826171875
46.64373016357422
49.60078430175781
45.222007751464844
50.08570861816406
50.770633697509766
46.30999755859375
-1.0222917795181274
32.78949737548828
40.287567138671875
25.43330192565918
3.6141767501831055
40.93132781982422
44.14086151123047
36.056846618652344
49.1691780090332
49.61756134033203
47.28715515136719
1.345098853111267
38.465721130371094
47.80582809448242
51.15293884277344
48.51355743408203
39.33378219604492
51.61663818359375
48.706451416015625
28.38057518005371
22.559358596801758
51.38599395751953
49.85087585449219
51.10309600830078
9.086623191833496
5.4404473304748535
43.09979248046875
47.119117736816406
47.7584228515625
49.391109466552734
38.96623229980469
45.87150573730469
-0.08720820397138596
48.919761657714844
47.130882263183594
18.6046199798584
27.4045467376709
37.33290100097656
44.44127655029297
48.62505340576172
50.377777099609375
43.685813903808594
49.68431091308594
50.24555206298828
47.09267807006836
2.091754913330078
41.284385681152344
45.60004425048828
50.22919464111328
44.734779357910156
51.744384765625
50.788414001464844
50.7598876953125
-0.33941513299942017
26.621248245239258
21.03944206237793
48.30076599121094
47.859588623046875
38.458251953125
-5.278953552246094
19.711523056030273
37.70547866821289
47.80253601074219
-6.2954254150390625
49.39104461669922
42.72271728515625
43.13235092163086
37.21759796142578
24.678043365478516
43.430145263671875
-4.536384105682373
-4.863531112670898
16.315656661987305
50.79072570800781
43.38911437988281
47.43329620361328
37.97663879394531
2.081226110458374
47.81450653076172
33.51700210571289
-5.684110641479492
34.03778076171875
31.00168228149414
30.326662063598633
34.719974517822266
18.863481521606445
-4.242401599884033
-0.9512034058570862
12.44513988494873
20.942462921142578
2.753593683242798
47.90584182739258
35.589515686035156
48.96885681152344
22.48465919494629
-3.1733345985412598
44.53697204589844
-3.0006957054138184
51.28065872192383
50.04310607910156
51.54916763305664
51.26732635498047
-4.802450180053711
43.28266906738281
39.43604278564453
26.728900909423828
46.061519622802734
1.03473699092865
49.77731704711914
35.129066467285156
43.54721450805664
-5.685329437255859
-5.763757705688477
42.887969970703125
17.300254821777344
49.47612762451172
49.53315353393555
48.64119338989258
-2.7623989582061768
46.3829231262207
39.593109130859375
26.15645408630371
33.18789291381836
4.90010929107666
34.910804748535156
33.647483825683594
28.200986862182617
40.49665832519531
17.631372451782227
30.41581916809082
33.93283462524414
37.47474670410156
37.102542877197266
0.20254987478256226
39.571136474609375
-5.927842617034912
9.146162986755371
-4.83221960067749
31.393217086791992
42.31798553466797
-2.5281729698181152
34.73063659667969
18.795381546020508
40.11517333984375
-1.9932042360305786
36.44854736328125
50.15481948852539
-2.9684953689575195
47.94410705566406
49.81425476074219
50.28520965576172
36.76408767700195
43.09026336669922
3.58674955368042
42.938480377197266
38.26319885253906
45.61214828491211
31.015226364135742
5.5927605628967285
44.58916473388672
37.324344635009766
44.46367645263672
34.45408248901367
13.690399169921875
18.391874313354492
15.716238021850586
-3.4213545322418213
12.406464576721191
2.861175060272217
33.85261535644531
26.262939453125
-2.216120481491089
19.621660232543945
39.188201904296875
27.854787826538086
45.708457946777344
14.597306251525879
-4.038032054901123
46.81852722167969
48.31575012207031
47.5672607421875
-2.8381876945495605
48.191009521484375
46.82572937011719
34.23384094238281
38.25087356567383
44.05978775024414
48.1466064453125
48.35491943359375
37.60051727294922
41.54425048828125
-3.970066547393799
47.69890594482422
42.43473815917969
48.55463409423828
43.569618225097656
2.34304141998291
39.297828674316406
41.144805908203125
14.2694730758667
-4.697208404541016
40.56529998779297
43.3308219909668
35.10755920410156
36.31184387207031
48.41743850708008
15.548140525817871
-4.606794357299805
43.42244338989258
35.170753479003906
25.10064125061035
47.652870178222656
49.09572219848633
-0.5693025588989258
46.51407241821289
45.797088623046875
46.05327606201172
47.450225830078125
12.165966987609863
47.90229034423828
49.38618850708008
47.26641082763672
47.643638610839844
-1.103493094444275
38.844181060791016
44.723480224609375
2.2977168560028076
13.087872505187988
43.806697845458984
-5.707464694976807
37.646331787109375
41.18919372558594
44.305049896240234
-4.4855546951293945
35.207763671875
48.791378021240234
29.78460693359375
35.95503616333008
3.478076219558716
48.26006317138672
40.999656677246094
40.75144958496094
8.693818092346191
42.613311767578125
45.046165466308594
23.127817153930664
23.75225067138672
35.54753112792969
2.668999195098877
43.50752258300781
38.94562530517578
41.3792610168457
41.70281219482422
46.92455291748047
42.04749298095703
46.69075012207031
46.68229675292969
-1.8418158292770386
41.80073165893555
41.87489700317383
49.38208770751953
-1.1981689929962158
50.91389846801758
51.00556945800781
50.41846466064453
40.91737365722656
22.24381446838379
23.322694778442383
5.163334846496582
43.72728729248047
27.36942481994629
-10.23108196258545
11.711063385009766
12.802897453308105
-5.414587497711182
35.05298614501953
1.1805903911590576
25.200395584106445
13.069758415222168
23.638395309448242
4.7170209884643555
20.418237686157227
19.29339027404785
8.890693664550781
32.8327522277832
44.01216125488281
30.67388153076172
4.9602131843566895
17.570974349975586
49.985137939453125
40.79214096069336
1.396257996559143
47.50096893310547
45.328102111816406
42.46039962768555
32.2615966796875
7.002209663391113
18.818984985351562
23.569955825805664
20.1690616607666
29.567197799682617
45.58869171142578
44.958763122558594
42.71540451049805
43.2988395690918
46.39631271362305
10.096078872680664
15.37081241607666
26.736574172973633
0.12030459195375443
29.22161293029785
45.387779235839844
32.387996673583984
49.86286926269531
49.433624267578125
50.849403381347656
49.93400573730469
46.91535186767578
-0.07942753285169601
48.484466552734375
29.70108985900879
45.02487564086914
49.086585998535156
47.35210418701172
-0.2549600601196289
6.582606315612793
44.992576599121094
26.883625030517578
42.46476364135742
46.10819625854492
32.49480056762695
41.877532958984375
50.59698486328125
50.749725341796875
11.907949447631836
42.534088134765625
49.659339904785156
-3.4897725582122803
46.835540771484375
46.3590087890625
13.038630485534668
49.52212142944336
47.244232177734375
27.380571365356445
3.508957862854004
6.0913472175598145
-4.650273323059082
10.373974800109863
32.13490295410156
50.0064697265625
49.40296936035156
23.24863624572754
48.49463653564453
49.88761901855469
-4.520472049713135
33.298553466796875
-5.956755638122559
34.90656661987305
33.088111877441406
39.75947189331055
29.753128051757812
19.19193458557129
31.443471908569336
-2.8721954822540283
30.698802947998047
31.590124130249023
26.538110733032227
4.663898468017578
48.10259246826172
45.53797149658203
44.43789291381836
47.254425048828125
43.63941192626953
48.53955078125
48.004241943359375
48.72041320800781
41.13991165161133
-6.804773330688477
45.03889083862305
45.82223892211914
44.01222229003906
49.6446533203125
-4.137242794036865
49.70428466796875
46.72309875488281
34.66741180419922
28.686328887939453
-6.167085647583008
42.867523193359375
38.1419677734375
39.71923828125
49.99829864501953
47.41468811035156
49.607791900634766
-6.494709491729736
50.19285202026367
39.93156814575195
42.75767517089844
-3.418887138366699
30.963388442993164
28.559316635131836
33.91552734375
25.43614387512207
47.61634063720703
41.822669982910156
12.113824844360352
36.80030059814453
40.545143127441406
42.317501068115234
47.34977722167969
9.543875694274902
47.865203857421875
49.62532424926758
38.00191879272461
49.81237030029297
45.24419403076172
44.5404052734375
35.01311492919922
-4.961268424987793
45.22689437866211
43.816001892089844
35.797271728515625
31.20827293395996
11.279206275939941
39.48906707763672
40.85767364501953
39.233917236328125
43.98748779296875
36.659263610839844
46.403663635253906
1.6527438163757324
34.46957015991211
49.499366760253906
45.73501968383789
48.64732360839844
50.538185119628906
43.02186584472656
50.52379608154297
-3.9247851371765137
47.09745788574219
-6.012962341308594
42.100128173828125
39.61969757080078
15.800309181213379
44.066184997558594
27.69734001159668
33.26640701293945
32.16407775878906
30.473634719848633
-2.1481785774230957
38.194183349609375
46.14007568359375
39.31654357910156
12.485016822814941
40.67458724975586
49.39784622192383
45.93960952758789
47.909088134765625
41.07720184326172
-2.1372878551483154
50.96009826660156
50.94315719604492
51.366905212402344
51.300025939941406
50.03208923339844
43.34785461425781
49.87763595581055
-5.409046649932861
49.431827545166016
-5.431187152862549
46.609886169433594
48.119300842285156
48.26980209350586
48.01417541503906
48.134727478027344
39.41517639160156
-6.358340263366699
24.146543502807617
18.331212997436523
43.33940124511719
46.83396911621094
49.455623626708984
50.10227966308594
50.827972412109375
5.488149642944336
49.679107666015625
49.033775329589844
41.300514221191406
48.77778625488281
46.83163070678711
-0.49415862560272217
38.68882751464844
40.28649139404297
39.46406936645508
41.223182678222656
25.586122512817383
0.17351466417312622
42.228721618652344
45.3135871887207
47.103023529052734
48.876220703125
47.10282897949219
38.90467834472656
39.34776306152344
-0.15540355443954468
47.91810607910156
44.807518005371094
47.25341033935547
48.47785949707031
2.9231009483337402
49.95843505859375
41.54488754272461
-4.3511810302734375
38.56585693359375
40.89576721191406
33.4788932800293
39.72324752807617
34.67607116699219
-3.059509038925171
41.68183517456055
43.682735443115234
44.47798538208008
36.40357971191406
44.622684478759766
47.54795837402344
6.242569446563721
49.48018264770508
46.557376861572266
48.225162506103516
40.818599700927734
46.229454040527344
33.45623779296875
19.901914596557617
40.63150405883789
49.44776153564453
41.56968307495117
41.445804595947266
43.182926177978516
49.80587387084961
44.543975830078125
-5.027597904205322
13.183279991149902
11.190184593200684
43.41810607910156
1.7145441770553589
24.459260940551758
48.67572784423828
44.724918365478516
30.021705627441406
1.4908928871154785
23.12298011779785
37.03958511352539
-5.5525102615356445
43.71863555908203
-4.630653381347656
27.001928329467773
29.968862533569336
34.700294494628906
2.8107798099517822
42.56743240356445
29.05466079711914
31.355087280273438
9.163804054260254
-3.3097710609436035
39.83635711669922
7.808830738067627
38.27457046508789
-6.109832763671875
44.15694808959961
14.102151870727539
6.496609687805176
