32.157169342041016
38.49775695800781
47.65863037109375
19.735939025878906
36.732330322265625
0.1962185502052307
24.115684509277344
10.507441520690918
14.165946006774902
11.237366676330566
10.240174293518066
-4.629910945892334
44.49843978881836
41.17203140258789
39.129486083984375
-4.06559944152832
39.27423095703125
40.827598571777344
36.52424621582031
-1.9863227605819702
50.74549865722656
4.314363479614258
19.352733612060547
45.23756408691406
26.464746475219727
22.879030227661133
-2.088257074356079
28.520689010620117
17.315160751342773
41.3171501159668
15.004405975341797
28.520383834838867
12.56071662902832
41.5579833984375
-1.3235281705856323
16.42894172668457
7.37831974029541
8.689849853515625
7.196633338928223
0.30305683612823486
8.827259063720703
22.618301391601562
-4.624232769012451
15.202922821044922
16.443086624145508
8.60878849029541
16.04244041442871
27.00815773010254
35.108123779296875
33.549217224121094
35.69300842285156
43.306880950927734
-3.583549976348877
26.003950119018555
12.401959419250488
14.60923957824707
31.239194869995117
42.93974685668945
-2.6204490661621094
41.249629974365234
24.9879093170166
28.74629783630371
23.594717025756836
25.4516544342041
0.4097660183906555
14.312060356140137
36.66211700439453
22.120805740356445
15.970887184143066
42.29554748535156
-2.8742895126342773
27.89811897277832
0.5242679715156555
44.54399490356445
30.840524673461914
-0.8286780118942261
26.625593185424805
-3.976886510848999
-5.228494644165039
6.635231018066406
17.489974975585938
48.893821716308594
14.073476791381836
10.182641983032227
17.16939926147461
-4.909627437591553
17.082395553588867
21.189958572387695
21.06865119934082
12.897692680358887
3.3927230834960938
-4.989082336425781
-2.0579898357391357
12.262426376342773
12.09646987915039
19.277385711669922
-3.319789171218872
10.59519100189209
1.76698899269104
22.660099029541016
5.313645362854004
1.5601062774658203
20.002994537353516
27.929046630859375
-7.407623291015625
24.428361892700195
9.527660369873047
8.322176933288574
22.637514114379883
32.12883377075195
24.178495407104492
4.980740547180176
22.06740951538086
-2.9319000244140625
-0.07365529984235764
29.28212547302246
25.556900024414062
48.150657653808594
-0.7321581244468689
27.056032180786133
-6.190476894378662
4.308991432189941
23.638212203979492
49.33689880371094
22.92391586303711
36.312713623046875
7.657236099243164
33.23841857910156
-0.8686298727989197
7.401580810546875
26.555456161499023
21.54593849182129
38.00927734375
20.432022094726562
-1.4415088891983032
29.383676528930664
10.790763854980469
-4.181506156921387
46.17605209350586
-6.055161476135254
49.49321365356445
33.42089080810547
45.249691009521484
45.025848388671875
19.3010196685791
17.663076400756836
-0.2791905403137207
16.88479232788086
44.953453063964844
28.003150939941406
37.57559585571289
27.55381202697754
22.264877319335938
34.2576904296875
14.21945571899414
1.948072075843811
-3.7199699878692627
1.320214867591858
21.056676864624023
-5.860196113586426
4.257617950439453
0.5688285231590271
34.091278076171875
30.974679946899414
44.56581115722656
39.21781921386719
-0.16400790214538574
41.60133361816406
46.918670654296875
-1.7036727666854858
39.23622131347656
28.890207290649414
35.632713317871094
39.12973403930664
39.98045349121094
39.01881790161133
26.68854331970215
33.264923095703125
41.405189514160156
-2.195120096206665
44.550559997558594
13.822637557983398
40.46952438354492
39.32359313964844
21.957609176635742
-1.4195445775985718
-1.7312134504318237
46.85093688964844
6.797673225402832
0.5085824131965637
38.78064727783203
29.348155975341797
-4.625252723693848
14.899567604064941
13.603758811950684
13.84941577911377
13.642970085144043
13.818156242370605
-5.410575866699219
16.55455207824707
13.096745491027832
17.19917106628418
21.9047794342041
3.805521011352539
50.332618713378906
-2.4152302742004395
41.40803909301758
0.2773970365524292
-1.268620491027832
20.642526626586914
48.39849853515625
33.87594985961914
48.31311798095703
-4.254914283752441
49.003902435302734
45.99083709716797
31.161142349243164
22.971750259399414
28.09808921813965
47.95098114013672
36.375038146972656
-2.0246615409851074
33.51878356933594
-2.038296937942505
18.22783088684082
17.004608154296875
19.778581619262695
18.025014877319336
39.1039924621582
-0.27457571029663086
16.639493942260742
41.670326232910156
17.291915893554688
3.601602077484131
47.56584548950195
31.8204402923584
-5.485184669494629
37.944976806640625
9.994841575622559
5.364989757537842
-2.641108274459839
50.01791000366211
50.19502258300781
33.64804458618164
50.875404357910156
35.01514434814453
-3.412424087524414
19.300830841064453
15.544279098510742
21.066505432128906
19.96565055847168
12.425305366516113
35.87248992919922
-5.240603446960449
20.83109474182129
29.2077579498291
28.11712074279785
23.839624404907227
43.22487258911133
11.347625732421875
43.63624572753906
30.09918785095215
40.42230987548828
8.465633392333984
19.922224044799805
29.186365127563477
-0.7283294796943665
-1.869564175605774
-3.905557155609131
47.32587814331055
9.782737731933594
12.64429759979248
38.06780242919922
-4.105135440826416
5.56324577331543
19.19663429260254
49.968902587890625
3.6139724254608154
41.74146270751953
42.1773681640625
37.1238899230957
42.69499588012695
8.598274230957031
28.33387565612793
4.251615524291992
30.10973358154297
45.73531723022461
26.945974349975586
32.61381149291992
5.4488372802734375
8.590654373168945
12.66301441192627
8.982070922851562
-1.216526985168457
15.300822257995605
9.483985900878906
-2.9580166339874268
-0.39970916509628296
1.2898551225662231
25.12651824951172
14.147343635559082
40.02559280395508
-2.737853765487671
49.040523529052734
42.24147415161133
43.50060272216797
-4.22844934463501
27.884748458862305
37.02036666870117
43.948577880859375
29.340909957885742
31.701377868652344
13.616982460021973
0.05622846633195877
21.498083114624023
11.176373481750488
2.39507794380188
44.696136474609375
39.70589065551758
47.67363739013672
31.7805118560791
32.42106628417969
-3.8147530555725098
39.17220687866211
42.61186981201172
40.22478485107422
43.16816329956055
39.16413116455078
-5.161451816558838
17.862876892089844
-4.358115196228027
21.011594772338867
27.70423126220703
30.939125061035156
7.895552158355713
20.812108993530273
42.46687698364258
50.965110778808594
40.940032958984375
-2.183748245239258
41.66944122314453
27.422086715698242
11.136089324951172
12.014710426330566
6.52191162109375
-4.097935199737549
49.530357360839844
28.289913177490234
43.623191833496094
-2.462536334991455
34.677345275878906
42.43749237060547
47.043949127197266
35.19736862182617
-4.652000427246094
43.49314498901367
19.608728408813477
43.86024475097656
46.499969482421875
-1.2568997144699097
43.01939392089844
29.428430557250977
0.3912324905395508
33.72867202758789
28.050561904907227
-2.861588954925537
24.280006408691406
33.88703918457031
20.10624122619629
11.391657829284668
26.573862075805664
-4.412322044372559
3.327711582183838
9.392827987670898
-3.0408308506011963
35.82133102416992
-2.1812665462493896
6.731362342834473
12.539270401000977
24.424734115600586
19.221086502075195
3.2304258346557617
-4.338331699371338
15.563578605651855
10.05742359161377
49.835514068603516
4.41546630859375
50.655982971191406
49.323543548583984
-3.0178093910217285
16.13880729675293
29.961721420288086
40.33002471923828
21.68632698059082
-4.681795120239258
38.887508392333984
11.127297401428223
21.87508201599121
-0.9092487692832947
5.2752580642700195
-5.490844249725342
4.077108383178711
-4.268522262573242
14.49027156829834
43.44112777709961
34.51604080200195
45.674949645996094
27.605003356933594
11.014066696166992
-5.613049030303955
18.162878036499023
17.320938110351562
31.018709182739258
1.8372231721878052
-5.377573013305664
44.64635467529297
40.57009506225586
14.738053321838379
43.587310791015625
12.274309158325195
1.701736330986023
-4.175686359405518
28.698938369750977
6.399157524108887
-4.851779460906982
10.953906059265137
26.03783416748047
42.07872772216797
-3.4163131713867188
31.990690231323242
14.243967056274414
-3.08943772315979
42.74094009399414
46.26140594482422
-5.655539512634277
41.89397430419922
35.92343521118164
47.547508239746094
-0.9753564596176147
7.585576057434082
-0.699113667011261
-3.0732264518737793
13.863567352294922
41.45478057861328
45.33485412597656
35.3509407043457
41.325706481933594
35.316776275634766
-3.2457633018493652
21.392967224121094
-3.6196155548095703
16.141490936279297
38.85990905761719
42.65653991699219
45.49074935913086
22.081872940063477
32.54928207397461
23.779998779296875
13.64368724822998
-5.200488090515137
10.054434776306152
16.54500389099121
43.6530876159668
2.4891459941864014
0.2962592840194702
-2.876185655593872
-0.35499781370162964
36.07390213012695
47.780601501464844
24.088613510131836
22.268884658813477
40.67582321166992
7.599943161010742
-3.686311960220337
-2.655604839324951
25.049222946166992
5.883170127868652
10.044589042663574
-3.1516940593719482
7.2006072998046875
-0.7417790293693542
4.936470031738281
3.8028879165649414
3.6637167930603027
36.8059196472168
7.309092044830322
39.37914276123047
18.05427360534668
-1.0371006727218628
37.395606994628906
50.00083923339844
39.00293731689453
-1.3665157556533813
48.11249923706055
40.609474182128906
-4.068532943725586
23.140966415405273
24.71708106994629
38.17926025390625
16.619295120239258
30.04832649230957
34.513248443603516
16.226198196411133
-5.744061470031738
20.232730865478516
-2.3064403533935547
19.049772262573242
44.663734436035156
48.687255859375
32.69109344482422
-1.929967999458313
44.70757293701172
44.07722473144531
44.31283950805664
28.158470153808594
44.66877746582031
0.2538016438484192
-4.631518363952637
1.3498016595840454
4.408876895904541
12.259242057800293
3.916721820831299
36.71570587158203
-5.894466400146484
32.177696228027344
37.901771545410156
38.61805725097656
39.149356842041016
-4.699047088623047
26.588014602661133
-1.0006427764892578
18.16360092163086
24.559642791748047
37.97156524658203
6.665567874908447
0.011551924049854279
-0.42376959323883057
-4.927401542663574
28.90069580078125
2.5996227264404297
50.298988342285156
18.29136848449707
-3.5003104209899902
3.9310035705566406
34.73517608642578
5.828144073486328
31.86174201965332
21.03318214416504
-4.5401611328125
38.59975051879883
49.49633026123047
49.19701385498047
1.9721332788467407
18.12140464782715
49.05351257324219
6.228715896606445
6.968960762023926
8.910229682922363
19.218212127685547
49.65351104736328
3.5241270065307617
48.8414421081543
40.564117431640625
-3.3536298274993896
44.82600402832031
22.12522315979004
-2.48459529876709
45.62589645385742
34.733768463134766
37.73949432373047
18.547433853149414
-1.378164529800415
-2.8786253929138184
29.536935806274414
28.909936904907227
28.693449020385742
-0.27174556255340576
-3.956188201904297
-1.1219712495803833
10.168229103088379
-2.5030088424682617
32.409263610839844
0.001860685646533966
5.009734153747559
0.46617382764816284
21.4660701751709
36.08624267578125
-2.9892334938049316
31.180692672729492
-1.347340703010559
31.659452438354492
32.43865203857422
-4.6952409744262695
-3.5624866485595703
