50.725807189941406
50.32453536987305
48.084197998046875
47.59464645385742
50.35428237915039
-3.2459113597869873
10.219524383544922
14.672977447509766
15.265684127807617
9.024356842041016
0.8766137957572937
7.944434642791748
26.024206161499023
41.19582748413086
43.7072639465332
41.73847961425781
-4.341490268707275
39.00509262084961
7.522157192230225
27.753755569458008
35.988128662109375
-2.5572080612182617
18.126367568969727
-2.795118808746338
43.71089172363281
46.29984664916992
43.954254150390625
-0.9460130333900452
37.89521789550781
43.763587951660156
45.151939392089844
48.560829162597656
5.102285385131836
36.418243408203125
49.18431091308594
47.40961456298828
27.438642501831055
29.262292861938477
29.119827270507812
26.7702579498291
2.068758964538574
21.83197021484375
12.267152786254883
36.17972183227539
33.59455108642578
32.822139739990234
46.298160552978516
38.87938690185547
46.935020446777344
47.57390594482422
-0.7074403762817383
48.477928161621094
47.4797477722168
39.762840270996094
51.06538391113281
41.66668701171875
46.521575927734375
36.79664993286133
50.73539352416992
13.40303897857666
51.05521774291992
6.693387031555176
48.15142059326172
50.790550231933594
50.79254913330078
51.08182144165039
50.2048225402832
50.9306526184082
49.18901824951172
49.76947784423828
0.8202572464942932
49.35541534423828
48.470115661621094
49.73527526855469
37.96685791015625
49.08544158935547
-2.4155123233795166
50.1891975402832
30.454051971435547
36.83683776855469
-5.0129876136779785
10.051799774169922
41.59374237060547
32.793792724609375
41.52625274658203
35.17631149291992
-6.037230491638184
9.414929389953613
17.51813316345215
37.67207717895508
38.2464599609375
15.068070411682129
-3.3083863258361816
41.799259185791016
46.50040817260742
44.869102478027344
-2.7931551933288574
15.287941932678223
43.40605163574219
31.82486343383789
15.783031463623047
18.524377822875977
3.9905033111572266
36.0165901184082
36.10860061645508
26.936176300048828
25.613811492919922
34.38397216796875
33.428794860839844
-3.209923505783081
33.203369140625
32.44505310058594
27.775100708007812
23.456541061401367
46.68687438964844
45.1588020324707
48.387638092041016
27.571386337280273
-1.9047304391860962
45.17726135253906
39.197513580322266
49.247108459472656
-4.948561668395996
49.87602996826172
50.646018981933594
48.42919921875
17.091312408447266
3.175147533416748
36.8511848449707
42.2574348449707
41.47107696533203
45.399837493896484
4.688523292541504
-0.6481388211250305
28.870969772338867
8.24174976348877
37.002685546875
16.627702713012695
33.532440185546875
28.97713279724121
-1.5447226762771606
33.34245300292969
38.98537063598633
31.6685848236084
47.4068603515625
8.51197338104248
46.00054931640625
51.026405334472656
46.35600280761719
48.29668426513672
20.449556350708008
11.164321899414062
23.702993392944336
19.97074317932129
7.463187217712402
16.312898635864258
7.434576034545898
20.17133140563965
-1.3839911222457886
23.581764221191406
34.48454284667969
18.01551055908203
1.494924783706665
42.19932556152344
49.478633880615234
42.03010940551758
44.437294006347656
40.55328369140625
44.716957092285156
45.56435012817383
48.516502380371094
45.99386978149414
-2.438178300857544
47.41775131225586
-3.8598697185516357
23.57465934753418
23.57465934753418
37.85940170288086
38.5710334777832
24.16453742980957
35.94244384765625
38.333946228027344
0.7939140796661377
35.94244384765625
39.546897888183594
43.39734649658203
48.54489517211914
19.208532333374023
10.746907234191895
41.3668212890625
6.46799373626709
8.069846153259277
29.449989318847656
49.79559326171875
33.696224212646484
16.945096969604492
49.38439178466797
51.056724548339844
31.109771728515625
10.316143989562988
28.37034034729004
38.37616729736328
-2.162091016769409
13.285934448242188
-0.9106348752975464
47.09855270385742
48.98613739013672
46.79559326171875
42.541690826416016
34.68367385864258
14.931000709533691
13.659867286682129
-7.495777606964111
31.435598373413086
14.450003623962402
8.893691062927246
48.49647903442383
0.6296064257621765
27.475269317626953
-3.9545350074768066
45.44386291503906
42.736846923828125
27.15995979309082
24.37225341796875
-5.694344520568848
25.49173355102539
19.48854637145996
29.589603424072266
19.047727584838867
5.964751720428467
12.733158111572266
9.688253402709961
-3.3906540870666504
22.452796936035156
48.53247833251953
43.39167785644531
1.3298758268356323
20.70985984802246
47.737342834472656
49.15593719482422
50.53199768066406
48.673072814941406
50.51579284667969
-2.15289306640625
51.029972076416016
51.11558532714844
18.76485252380371
45.08552169799805
29.952518463134766
36.339820861816406
40.34609603881836
14.171307563781738
33.15446090698242
30.71079444885254
31.48450469970703
-2.9365570545196533
35.85783386230469
42.49541473388672
47.007835388183594
47.12034225463867
-1.5993634462356567
46.53219985961914
48.915592193603516
49.382965087890625
-5.682316780090332
7.782013893127441
3.6466050148010254
4.307262897491455
5.133050918579102
-0.7049755454063416
29.84971046447754
18.742918014526367
-1.498615026473999
41.073062896728516
41.68575668334961
44.503562927246094
35.55561065673828
-2.6091527938842773
12.73680591583252
42.456180572509766
34.62283706665039
37.08662033081055
51.001373291015625
51.001373291015625
8.192387580871582
50.88420486450195
46.013084411621094
50.77788543701172
24.36216163635254
46.87140655517578
34.98583221435547
2.666543483734131
24.025110244750977
18.023401260375977
19.943849563598633
13.091235160827637
23.34994888305664
19.314146041870117
20.708282470703125
-5.852175712585449
43.62678527832031
36.16438293457031
46.732582092285156
47.489559173583984
47.63359069824219
-1.1886643171310425
46.30353546142578
21.447965621948242
-1.3669630289077759
18.426179885864258
25.363019943237305
43.339508056640625
28.38266944885254
33.301910400390625
31.097440719604492
29.374418258666992
27.533857345581055
-0.5254055261611938
5.188248157501221
37.661983489990234
37.22792434692383
32.27638244628906
38.78415298461914
32.35418701171875
47.77285385131836
34.50563430786133
-3.47415828704834
42.05803680419922
40.51752471923828
27.23031234741211
41.06946563720703
33.92332458496094
40.2486457824707
44.08323669433594
-3.98484468460083
36.08368682861328
47.6461181640625
48.684173583984375
-0.9173502326011658
48.424198150634766
48.61322784423828
47.990318298339844
0.27012962102890015
25.53333854675293
32.44984817504883
33.598514556884766
35.756065368652344
27.97739601135254
32.66624450683594
25.21970558166504
32.849491119384766
37.146785736083984
30.565502166748047
-2.198406219482422
48.5784912109375
48.971649169921875
48.58311080932617
47.29030990600586
-2.902109146118164
42.598388671875
34.52068328857422
15.141877174377441
-1.8173770904541016
28.08949851989746
37.6241455078125
32.67741394042969
29.670001983642578
28.2844181060791
28.332853317260742
28.739938735961914
44.29994201660156
-8.343082427978516
44.89753341674805
15.961512565612793
5.735949516296387
10.294534683227539
38.874942779541016
-2.369692325592041
17.914764404296875
14.527962684631348
30.82183265686035
10.033611297607422
-5.553276062011719
22.744810104370117
26.258562088012695
46.58952331542969
18.237937927246094
1.8313498497009277
5.064698696136475
3.051387310028076
41.346004486083984
46.264862060546875
44.884159088134766
-5.399995803833008
43.69806671142578
46.301849365234375
12.435288429260254
12.19932746887207
10.966050148010254
8.05502700805664
14.646735191345215
-5.0239129066467285
25.981739044189453
43.59086227416992
1.2645084857940674
45.63863754272461
27.466552734375
41.49323272705078
34.28723907470703
9.546372413635254
33.250938415527344
34.64985656738281
33.25341796875
5.253664493560791
-0.8318688273429871
38.29804229736328
30.53629493713379
31.006933212280273
36.71173858642578
28.647180557250977
26.231578826904297
6.432435035705566
-4.741806983947754
22.8762264251709
18.90098762512207
25.491220474243164
-3.5608561038970947
49.080604553222656
49.449989318847656
43.906455993652344
32.03736877441406
35.17984390258789
17.161375045776367
41.807472229003906
45.111976623535156
45.796844482421875
41.800682067871094
41.87479019165039
17.51521873474121
-7.715238571166992
45.77818298339844
40.555572509765625
15.699710845947266
44.24888610839844
19.229618072509766
14.757863998413086
0.9251695275306702
34.39677429199219
17.43972396850586
28.68107795715332
1.0221339464187622
48.32231903076172
45.60306167602539
-3.950275182723999
31.557607650756836
28.598777770996094
19.0389461517334
32.28809356689453
28.238101959228516
35.1412239074707
1.0599911212921143
26.75696563720703
50.590850830078125
44.67698287963867
-4.973011016845703
43.05515670776367
43.04584884643555
49.182403564453125
35.488582611083984
34.108211517333984
24.761516571044922
25.07988166809082
27.270418167114258
3.8258495330810547
47.43529510498047
38.45811080932617
45.94200897216797
27.469879150390625
40.64479064941406
-5.154563903808594
41.867156982421875
26.063827514648438
38.19609832763672
33.367164611816406
24.9603214263916
-6.873604774475098
48.34653854370117
38.32370376586914
-4.844708442687988
28.107851028442383
46.71237564086914
42.403404235839844
49.50543975830078
49.801116943359375
48.49730682373047
50.13682556152344
1.2634191513061523
41.627220153808594
-0.12302934378385544
47.363487243652344
23.21844482421875
41.00977325439453
33.26361846923828
46.827186584472656
37.77787780761719
50.29045104980469
1.2160948514938354
28.1863956451416
47.48230743408203
30.288808822631836
28.8829402923584
46.722835540771484
-2.4957146644592285
36.735050201416016
36.45201873779297
43.27365493774414
20.99951934814453
-5.834142684936523
30.05503273010254
27.21941375732422
27.09803009033203
36.86970520019531
35.38200759887695
2.473435878753662
41.03242111206055
24.740808486938477
28.01517677307129
29.851856231689453
14.845489501953125
45.356788635253906
35.150272369384766
43.95842742919922
38.41311264038086
37.04206085205078
36.51036071777344
2.9645307064056396
37.144737243652344
37.449947357177734
43.83646011352539
36.568729400634766
35.03887176513672
34.04254913330078
1.8679077625274658
24.915498733520508
40.783729553222656
39.75458908081055
-6.627119064331055
47.19798278808594
39.85547637939453
44.47283935546875
46.453521728515625
46.61140441894531
-2.347869634628296
-1.6699742078781128
-0.7800120711326599
2.950958013534546
-5.723508358001709
4.182824611663818
42.41526794433594
-5.402250289916992
40.893402099609375
43.877376556396484
13.365138053894043
37.933326721191406
38.71442413330078
50.640419006347656
37.78683090209961
51.21682357788086
0.8290587663650513
50.380619049072266
24.3404483795166
39.3109245300293
-3.4799389839172363
8.70740795135498
13.86336612701416
17.848573684692383
34.392303466796875
38.12565994262695
17.132081985473633
-4.315709590911865
36.03379821777344
42.063114166259766
37.99119567871094
13.579530715942383
44.83641815185547
4.915776252746582
41.74103927612305
45.7903938293457
40.263893127441406
21.971891403198242
48.47215270996094
19.45658302307129
49.92805099487305
19.64983558654785
