1.1529651880264282
50.6126708984375
50.44422149658203
51.040565490722656
51.268795013427734
52.019065856933594
48.771026611328125
49.865272521972656
51.3414306640625
51.668731689453125
51.69926071166992
52.013954162597656
51.57504653930664
19.990015029907227
51.61492156982422
48.28987121582031
41.501930236816406
39.8135871887207
43.717689514160156
-3.200540781021118
44.48207092285156
52.01113510131836
44.06624221801758
41.263458251953125
51.10810470581055
50.819732666015625
51.11858367919922
8.929768562316895
48.82634735107422
51.93852233886719
50.90522384643555
50.28753662109375
48.82948303222656
43.97135543823242
48.9000244140625
48.500736236572266
-3.389423370361328
51.846343994140625
49.20496368408203
49.478599548339844
50.60886001586914
29.101022720336914
49.20931625366211
51.2967529296875
51.04570770263672
51.27201461791992
51.21746063232422
51.999359130859375
48.18241882324219
43.06282043457031
48.63634490966797
51.96815490722656
49.798583984375
50.89501190185547
40.661312103271484
48.907615661621094
51.95452117919922
51.83136749267578
50.19478225708008
52.02354431152344
17.09663200378418
36.57252883911133
50.088314056396484
50.09526062011719
46.92398452758789
51.971370697021484
-4.6730756759643555
48.33023452758789
48.87322998046875
44.0795783996582
33.80332946777344
49.141502380371094
50.331092834472656
50.7069206237793
51.39784240722656
52.03422546386719
51.6376838684082
50.697628021240234
50.60457229614258
7.903700351715088
51.3363037109375
51.921470642089844
51.74123764038086
51.9427375793457
51.45938491821289
51.42238235473633
35.84103775024414
52.032562255859375
46.27095031738281
51.13634490966797
46.84547805786133
51.359214782714844
47.823814392089844
48.808284759521484
-3.6695475578308105
52.00727462768555
48.61064147949219
51.93888854980469
49.532386779785156
50.408897399902344
50.8526611328125
51.094459533691406
13.236922264099121
50.11821365356445
44.71498107910156
42.49584197998047
10.306946754455566
42.586280822753906
-0.5195879340171814
51.35660934448242
43.92335510253906
34.45307540893555
-5.966772556304932
48.72020721435547
39.52247619628906
51.595855712890625
45.60689163208008
46.70270538330078
43.735260009765625
48.72020721435547
40.142051696777344
51.84914016723633
40.142051696777344
-1.8198491334915161
50.26953887939453
39.37004852294922
50.26953887939453
50.26953887939453
-3.441380262374878
51.57709503173828
51.36763381958008
51.584625244140625
51.616214752197266
51.97937774658203
50.0305061340332
51.467445373535156
51.26255798339844
51.969329833984375
51.16908264160156
-6.623741149902344
43.31625747680664
50.12977600097656
50.79949951171875
46.37886428833008
8.535022735595703
49.92680358886719
-0.9822179675102234
28.509672164916992
50.85069274902344
52.00879669189453
48.62335968017578
50.08330535888672
48.467166900634766
49.09904479980469
49.675296783447266
52.02640914916992
47.69574737548828
50.435302734375
2.2758278846740723
51.24683380126953
-2.8739349842071533
51.86830520629883
51.88585662841797
51.25602340698242
51.9324836730957
51.949012756347656
51.96949768066406
52.059417724609375
50.02963638305664
49.37070846557617
50.17582321166992
48.72356033325195
-1.5938993692398071
50.17151641845703
50.7177734375
51.84223937988281
50.74485778808594
46.71077346801758
27.62755012512207
19.34366798400879
51.47808837890625
49.544189453125
39.875823974609375
52.033294677734375
44.87818908691406
-1.7567299604415894
48.85274887084961
49.22545623779297
47.70876693725586
51.83013916015625
46.83049011230469
49.81356430053711
1.8545066118240356
46.02862548828125
49.225093841552734
48.63697814941406
49.059112548828125
51.955562591552734
48.873416900634766
50.440467834472656
44.455081939697266
50.67572021484375
44.908897399902344
40.53876876831055
6.940112590789795
44.476192474365234
43.76085662841797
45.98504638671875
0.9579698443412781
51.26508331298828
35.072837829589844
17.27011489868164
8.600750923156738
20.9564151763916
9.416827201843262
-2.9381208419799805
12.60279369354248
52.05242919921875
48.21928405761719
50.938148498535156
50.74085998535156
51.798973083496094
50.938148498535156
50.688575744628906
49.58607482910156
27.267404556274414
50.09336471557617
52.00798034667969
51.20246124267578
51.19983673095703
51.39533233642578
51.483848571777344
44.96844482421875
51.77568817138672
46.902618408203125
46.71684265136719
42.48558044433594
12.941216468811035
47.03477478027344
41.338226318359375
49.43367385864258
52.03892517089844
10.964102745056152
51.21961975097656
51.37716293334961
51.06610870361328
51.608192443847656
51.17226791381836
44.20296859741211
8.598899841308594
33.32872009277344
51.9498291015625
20.319379806518555
9.626350402832031
27.490671157836914
43.06401062011719
40.99775695800781
52.038970947265625
50.66987228393555
13.900544166564941
47.07124710083008
-1.9560123682022095
44.68910598754883
42.709564208984375
50.8203239440918
50.536556243896484
50.23272705078125
50.3489990234375
50.69375991821289
50.41844940185547
-2.2959704399108887
51.84072494506836
50.499908447265625
51.987060546875
51.1784782409668
50.63116455078125
-0.2677114009857178
50.78498458862305
51.14274215698242
51.33666229248047
49.564178466796875
9.020146369934082
50.94937515258789
50.89816665649414
50.64906311035156
47.9232292175293
50.26763916015625
51.85771179199219
49.69353103637695
46.114471435546875
-3.335338592529297
19.214021682739258
44.23004913330078
48.6707763671875
15.973917961120605
51.82145690917969
49.544029235839844
49.661598205566406
48.91169357299805
48.217594146728516
49.32622528076172
41.862144470214844
-3.625075578689575
51.98833465576172
46.666587829589844
-6.204176902770996
38.4029426574707
50.099246978759766
50.70441436767578
51.92615509033203
49.184104919433594
48.875938415527344
51.21316909790039
51.844764709472656
49.625709533691406
50.51509094238281
50.88442611694336
50.77041244506836
-5.613668441772461
49.991737365722656
28.466602325439453
51.62395095825195
39.27123260498047
52.027549743652344
47.595516204833984
51.31242370605469
48.801292419433594
51.523765563964844
30.793840408325195
52.04375457763672
44.75492477416992
32.52758026123047
51.63177490234375
43.64497375488281
51.634521484375
51.50566864013672
36.617244720458984
-0.34754395484924316
39.98065185546875
51.74053192138672
28.49462890625
38.736289978027344
34.87102508544922
39.70409393310547
48.88814163208008
47.00844192504883
48.514076232910156
48.76241683959961
7.794713497161865
51.79952621459961
50.40216064453125
49.34079360961914
41.807037353515625
18.85930824279785
38.38005828857422
31.637754440307617
-5.304508686065674
37.671607971191406
37.83649444580078
51.83924865722656
25.856250762939453
39.96379470825195
40.71277618408203
51.290985107421875
45.84629821777344
-5.008046627044678
46.01475143432617
45.265933990478516
48.739479064941406
52.03690719604492
43.50494384765625
21.808622360229492
47.80099868774414
47.053306579589844
45.12487030029297
47.081172943115234
50.92942810058594
50.93248748779297
50.901458740234375
51.641815185546875
51.05152130126953
50.68172073364258
-0.22428208589553833
52.04389953613281
48.530540466308594
47.60235595703125
50.992401123046875
48.14849090576172
48.378662109375
50.220558166503906
-4.217141151428223
51.948299407958984
12.40274429321289
47.817909240722656
43.15602493286133
29.80367088317871
35.13904571533203
50.99534606933594
-3.026580333709717
40.64556884765625
27.074251174926758
22.25368881225586
20.303056716918945
30.741436004638672
50.76239013671875
-3.3263022899627686
51.012203216552734
51.98527526855469
39.13386535644531
3.944607734680176
47.449241638183594
44.716007232666016
43.382408142089844
38.01018524169922
42.82107162475586
51.715858459472656
42.72460174560547
50.61174774169922
-0.4801517724990845
51.93201446533203
50.39133071899414
49.82822799682617
49.77845001220703
50.72941970825195
35.10734558105469
39.42413330078125
50.994163513183594
11.34691333770752
50.51956558227539
51.888893127441406
51.342037200927734
51.12738037109375
47.234596252441406
49.367332458496094
48.466590881347656
49.469764709472656
50.006370544433594
51.88884735107422
49.549163818359375
14.25732135772705
50.97447204589844
43.442626953125
50.11591720581055
50.84153747558594
0.033493347465991974
51.9260368347168
50.28769302368164
50.252037048339844
51.8728141784668
51.82276916503906
51.81535339355469
52.058258056640625
51.9501953125
51.8182373046875
0.5729551911354065
51.89894485473633
43.7827262878418
51.93634033203125
-1.4695461988449097
44.35852813720703
50.441375732421875
50.111289978027344
43.20878982543945
50.23809051513672
46.918067932128906
46.97049331665039
50.03903579711914
50.097625732421875
5.41950798034668
52.011592864990234
51.012229919433594
49.48552322387695
14.85680103302002
48.4459114074707
50.91746520996094
51.92582702636719
48.01880645751953
49.64878463745117
50.985721588134766
50.65461730957031
51.47175216674805
49.55504608154297
51.5010986328125
52.025360107421875
-3.365859031677246
51.59095001220703
51.89057159423828
49.64014434814453
12.891624450683594
50.995567321777344
4.407536506652832
4.872981548309326
35.09375762939453
22.003999710083008
-2.7523462772369385
8.186914443969727
51.59115982055664
51.83386993408203
50.931419372558594
52.019134521484375
-1.4519814252853394
31.204561233520508
51.80009460449219
50.88372039794922
24.54001808166504
40.832374572753906
17.516801834106445
23.51888084411621
-4.039331436157227
3.06341814994812
19.300626754760742
51.64951705932617
3.60981822013855
42.9693603515625
44.329612731933594
45.248992919921875
48.20196533203125
48.10966110229492
48.779178619384766
51.560359954833984
10.2636137008667
52.00934600830078
51.024139404296875
51.11137008666992
50.0761833190918
49.959136962890625
50.24559783935547
46.83587646484375
50.488914489746094
50.672874450683594
51.199180603027344
50.93918991088867
50.21946716308594
51.8873291015625
49.115028381347656
0.8838434815406799
49.80345153808594
52.00800323486328
50.39125442504883
49.943580627441406
-2.375983715057373
49.7159309387207
50.635589599609375
50.122314453125
50.1780891418457
43.33715057373047
44.042179107666016
51.81005859375
42.47102737426758
45.11936950683594
44.110530853271484
-6.755921840667725
46.23418045043945
41.28923034667969
43.3734016418457
7.993024826049805
45.94685745239258
51.64348220825195
46.389923095703125
46.281524658203125
-4.820859909057617
36.621219635009766
32.57208251953125
34.979408264160156
46.003387451171875
51.71216583251953
36.649391174316406
38.60201644897461
48.870445251464844
47.82341003417969
49.36712646484375
51.986915588378906
50.0726203918457
36.98321533203125
39.359901428222656
37.28973388671875
51.345664978027344
51.93118667602539
51.34422302246094
48.80846405029297
50.05225372314453
51.7239990234375
-0.5632386803627014
50.9070930480957
45.88563537597656
45.324344635009766
47.629730224609375
51.92747497558594
41.11202621459961
-2.249767303466797
45.40385818481445
44.400054931640625
11.100630760192871
9.1057710647583
13.203970909118652
51.75831604003906
18.872238159179688
30.26626968383789
10.263686180114746
15.73721981048584
51.3531608581543
49.808372497558594
50.58843231201172
52.039466857910156
43.520965576171875
9.17205810546875
50.79077911376953
49.73255157470703
39.01912307739258
50.61614990234375
51.19953536987305
51.96261978149414
50.49052047729492
37.2663459777832
27.2095890045166
16.548795700073242
50.98494338989258
51.69451141357422
51.70432662963867
-4.792317867279053
51.6417236328125
51.47666931152344
51.14704132080078
52.06062316894531
50.26361083984375
48.890480041503906
50.74337387084961
48.60199737548828
50.3095817565918
51.941612243652344
-2.394376277923584
49.45630645751953
51.507057189941406
51.42012405395508
10.696356773376465
51.48491668701172
51.34375762939453
52.000572204589844
51.40740203857422
51.43603515625
51.21647644042969
-1.6060340404510498
51.52549743652344
51.99524688720703
50.290687561035156
51.197853088378906
51.62728500366211
51.22524642944336
51.46797180175781
51.344703674316406
51.6322021484375
50.90507507324219
51.343563079833984
51.4006233215332
12.293111801147461
51.99278259277344
42.85575485229492
45.73454666137695
46.301429748535156
-2.4308228492736816
45.082115173339844
44.386688232421875
43.84099578857422
51.992286682128906
0.5444610118865967
17.223981857299805
31.590185165405273
14.546587944030762
11.41493034362793
51.37664031982422
46.481170654296875
31.294530868530273
51.04893493652344
32.79335021972656
36.207584381103516
51.7384147644043
31.3947811126709
37.78868103027344
40.08099365234375
51.99064636230469
45.45149230957031
33.293418884277344
35.27588653564453
51.796142578125
49.55915832519531
43.2216796875
10.903165817260742
43.79457092285156
38.27696990966797
40.3424186706543
44.198734283447266
36.379295349121094
38.35101318359375
51.83027648925781
35.561683654785156
3.8614754676818848
51.41790771484375
51.60783386230469
51.63334655761719
51.299842834472656
7.372366428375244
51.23605728149414
51.066287994384766
51.99609375
44.88276672363281
-3.8512232303619385
50.31900405883789
51.96453094482422
46.81645584106445
50.47568893432617
49.4812126159668
50.65680694580078
51.377723693847656
51.999351501464844
7.076962471008301
50.96664047241211
51.25059509277344
49.080238342285156
51.146636962890625
50.787322998046875
47.84132385253906
49.78168487548828
49.164852142333984
51.58899688720703
49.50434494018555
45.69365692138672
46.937591552734375
-2.754438638687134
50.28557586669922
49.71587371826172
49.17774963378906
49.99482727050781
47.40338897705078
50.301944732666016
-3.2337381839752197
51.911746978759766
43.36580276489258
52.02647018432617
22.427366256713867
49.759765625
44.03410720825195
12.219982147216797
43.427818298339844
7.263579845428467
51.00028991699219
51.93378829956055
48.97977066040039
50.882293701171875
49.356956481933594
50.998497009277344
51.232765197753906
-5.0912275314331055
51.454402923583984
47.28645324707031
-1.7103394269943237
49.570152282714844
51.277923583984375
51.85635757446289
49.732147216796875
52.04815673828125
-4.832516670227051
-4.195268630981445
43.00701904296875
51.94220733642578
45.933956146240234
30.076990127563477
16.88753890991211
24.07530403137207
50.51200866699219
51.52433776855469
-4.031109809875488
50.939117431640625
51.323333740234375
51.97807693481445
40.39186096191406
49.97416305541992
19.28544807434082
40.99616241455078
-5.422077655792236
22.627782821655273
27.9539737701416
51.84989929199219
41.229644775390625
43.25998306274414
51.600059509277344
-2.6867809295654297
8.700531959533691
52.03985595703125
51.395450592041016
47.45709991455078
47.874908447265625
51.860267639160156
