44.794193267822266
49.74937057495117
-2.119230270385742
41.60730743408203
24.55767059326172
38.565589904785156
18.331340789794922
22.61066246032715
-2.0518100261688232
22.948591232299805
11.561341285705566
18.717639923095703
36.245018005371094
16.208955764770508
0.6638862490653992
24.570253372192383
39.01354217529297
43.19416046142578
-4.824758052825928
23.7441349029541
32.75288391113281
38.49407196044922
30.654590606689453
24.857572555541992
31.886615753173828
38.64187240600586
15.4734468460083
36.94304656982422
2.397049903869629
-3.276054859161377
37.25627899169922
20.19553565979004
22.747800827026367
35.82388687133789
32.820526123046875
-2.1365933418273926
32.742008209228516
33.937469482421875
29.624618530273438
0.20476800203323364
26.98859214782715
32.514766693115234
8.911394119262695
24.674850463867188
47.679534912109375
23.25885772705078
16.954504013061523
26.229780197143555
38.46906280517578
37.98536682128906
-2.3579559326171875
39.386653900146484
40.51603698730469
-0.7654511332511902
41.80752944946289
-3.846482276916504
46.140682220458984
26.0848331451416
39.559242248535156
28.102758407592773
44.794803619384766
-1.3174504041671753
38.94541931152344
42.79399871826172
46.3365478515625
31.006044387817383
48.82949447631836
44.09109115600586
43.51282501220703
-4.105083465576172
45.37053298950195
44.248329162597656
-2.6752512454986572
36.96778106689453
30.78064727783203
42.58539581298828
36.1491584777832
14.29268741607666
10.727778434753418
-3.211697816848755
47.526123046875
25.029573440551758
11.92277717590332
43.45587158203125
-4.947221755981445
36.6624755859375
25.012910842895508
-5.841801643371582
-5.208914756774902
45.237709045410156
43.72426223754883
41.869285583496094
35.570621490478516
1.4365442991256714
46.370361328125
45.865142822265625
16.87410545349121
39.74412536621094
-0.49769383668899536
29.829111099243164
-2.496572971343994
9.303753852844238
45.430931091308594
39.76921081542969
20.464296340942383
34.650447845458984
-5.269913196563721
44.2181396484375
-1.918244481086731
8.566399574279785
20.614973068237305
13.64301872253418
5.377479076385498
19.363908767700195
40.46469497680664
0.05340427905321121
-3.7968788146972656
45.23363494873047
42.59508514404297
-3.4314348697662354
45.341434478759766
47.043128967285156
0.6606505513191223
32.129966735839844
25.79543685913086
-0.41851872205734253
33.896705627441406
41.62503433227539
45.85700607299805
-3.526442527770996
37.369346618652344
40.05826187133789
19.168607711791992
34.70288848876953
28.101049423217773
0.17838644981384277
16.665258407592773
5.669351577758789
14.760523796081543
-5.539565563201904
41.20878601074219
27.359220504760742
30.334585189819336
27.460933685302734
42.22677993774414
47.987518310546875
37.22052764892578
26.545066833496094
51.06353759765625
50.11125946044922
36.83623504638672
34.891563415527344
0.6155872344970703
31.90105438232422
36.798057556152344
26.67076301574707
37.38334655761719
0.923547089099884
10.943818092346191
24.0345516204834
-1.8780986070632935
-3.5163488388061523
45.42365264892578
39.790733337402344
46.41668701171875
45.74390411376953
3.2307748794555664
25.41156578063965
42.952728271484375
26.143129348754883
1.0941829681396484
45.48351287841797
49.384098052978516
43.74340057373047
44.243690490722656
38.6378059387207
44.01709747314453
0.17497915029525757
36.86255645751953
37.653892517089844
2.027977705001831
40.45270919799805
33.92829132080078
43.368927001953125
49.41472625732422
40.950382232666016
41.637271881103516
49.13645553588867
12.853730201721191
42.23805618286133
13.654934883117676
24.418195724487305
0.7948693633079529
40.15253829956055
45.07880783081055
37.19841003417969
44.2945442199707
46.845211029052734
-0.7435464262962341
10.286642074584961
48.88341522216797
-1.8099733591079712
31.347196578979492
1.592079758644104
-1.1830360889434814
46.13587951660156
-2.3661584854125977
35.138587951660156
10.557000160217285
31.308513641357422
-6.851649761199951
15.153715133666992
19.1254940032959
21.791112899780273
19.7547664642334
18.742372512817383
49.9166259765625
46.77409362792969
45.34838104248047
46.369361877441406
14.441329002380371
37.04478454589844
39.516883850097656
30.794370651245117
39.02228546142578
34.06462478637695
-2.8279361724853516
45.20322036743164
15.619828224182129
25.896387100219727
26.236705780029297
-3.592017412185669
4.833233833312988
39.478546142578125
-1.0352848768234253
27.692771911621094
27.244428634643555
6.723257064819336
41.17353439331055
44.540252685546875
41.631187438964844
41.816368103027344
38.91203689575195
40.32890701293945
34.496185302734375
-5.6787567138671875
1.9552655220031738
8.270071029663086
15.616189956665039
13.82706069946289
-6.568377494812012
6.898092269897461
29.26349639892578
-1.769199013710022
2.4115052223205566
-3.064542531967163
29.939584732055664
17.050128936767578
-4.995748996734619
14.588245391845703
-2.353390693664551
32.14970397949219
30.612323760986328
25.720937728881836
35.02574920654297
-0.7628589868545532
-5.5193963050842285
38.03369140625
24.037145614624023
28.182228088378906
32.26899337768555
-5.096547603607178
34.01744842529297
25.76412010192871
36.001914978027344
27.86482048034668
-1.5040826797485352
46.22520446777344
19.377222061157227
39.86894226074219
-0.22977524995803833
48.184993743896484
7.801928520202637
51.10407638549805
51.470550537109375
51.62354278564453
30.545625686645508
50.512428283691406
39.940853118896484
45.462371826171875
38.85281753540039
26.496187210083008
48.971214294433594
0.35732942819595337
3.0691475868225098
27.159212112426758
3.9152159690856934
36.53717041015625
27.363298416137695
-5.8458638191223145
36.059417724609375
46.56398010253906
1.1277669668197632
-2.9108328819274902
27.728303909301758
37.94481658935547
33.938819885253906
0.21701526641845703
36.51521301269531
43.259063720703125
35.44915771484375
46.125370025634766
-2.606872320175171
21.631900787353516
21.798486709594727
24.53257942199707
13.857686996459961
2.11417555809021
-2.9416592121124268
13.66584300994873
6.637801170349121
12.631081581115723
34.7864875793457
34.533607482910156
32.309810638427734
28.208484649658203
49.76067352294922
8.051568031311035
1.9304853677749634
13.064794540405273
46.22597885131836
1.9550942182540894
-3.118530750274658
32.16454315185547
20.77727699279785
9.171014785766602
-2.1289501190185547
50.77992248535156
39.35975646972656
48.47258758544922
48.93735122680664
50.570926666259766
45.02763366699219
30.375455856323242
46.779457092285156
46.38640594482422
-0.7796795964241028
41.686920166015625
46.66255187988281
37.651954650878906
37.06173324584961
6.386983871459961
1.8442699909210205
40.40251922607422
40.06044006347656
26.846704483032227
-1.6200917959213257
40.08013153076172
41.3275146484375
39.28736114501953
46.91472625732422
43.545005798339844
38.08817672729492
47.770477294921875
48.74287033081055
4.231143951416016
33.08915710449219
0.08604104071855545
-0.19481247663497925
10.488703727722168
-5.228457450866699
1.1729987859725952
26.101957321166992
26.386404037475586
0.027397461235523224
-4.459472179412842
34.61358642578125
17.809099197387695
37.682167053222656
27.732816696166992
-5.748299598693848
8.186060905456543
15.263022422790527
-1.9060702323913574
30.59984016418457
-5.1470184326171875
32.3121337890625
31.236177444458008
31.815603256225586
23.33915901184082
46.81024932861328
-1.0913002490997314
3.0326151847839355
39.12602996826172
42.10295104980469
-5.6469526290893555
11.940381050109863
32.45819854736328
34.09013366699219
-3.636397361755371
23.690452575683594
9.618189811706543
45.1718635559082
-1.3966313600540161
46.674522399902344
41.81318664550781
46.02332305908203
41.91484832763672
2.420279026031494
35.89215850830078
-2.4701545238494873
8.966590881347656
38.34558868408203
26.1804141998291
31.9794864654541
29.175405502319336
36.17561340332031
14.20115852355957
-6.135272979736328
35.76683044433594
36.669776916503906
-2.340524911880493
30.520532608032227
33.85748291015625
29.086339950561523
20.598735809326172
4.891855239868164
-2.370429515838623
47.88964080810547
47.06817626953125
38.496543884277344
45.519527435302734
37.49125671386719
38.66682434082031
44.77582550048828
38.614322662353516
1.739127278327942
38.68367004394531
32.824623107910156
27.726341247558594
34.04452896118164
26.343860626220703
-4.965273857116699
43.354522705078125
0.47348326444625854
6.987423896789551
32.14441680908203
5.2694220542907715
11.87906551361084
0.3987218737602234
50.20557403564453
-6.778547286987305
44.418739318847656
48.81747055053711
47.82701110839844
49.60620880126953
42.11705780029297
-2.6425933837890625
48.03935241699219
35.85435485839844
35.21396255493164
-0.8106870055198669
47.00886917114258
35.996158599853516
2.0468053817749023
43.08625793457031
14.1228666305542
50.550106048583984
-2.456991195678711
39.65515899658203
7.174215316772461
35.61952209472656
43.097679138183594
34.060150146484375
47.15736389160156
50.913818359375
43.26994323730469
-1.7717845439910889
1.3178883790969849
50.10477828979492
16.590078353881836
4.3863911628723145
40.16191482543945
-4.037924289703369
37.79399108886719
40.808876037597656
49.61333465576172
-1.43359375
46.25921630859375
36.89892578125
48.024017333984375
46.802528381347656
47.835811614990234
39.10081481933594
40.74870300292969
36.82176971435547
-1.4471789598464966
30.234968185424805
-5.498226165771484
32.60985565185547
11.92623233795166
35.8154411315918
19.88351821899414
35.62043762207031
-1.0975291728973389
47.11104965209961
49.277862548828125
44.655372619628906
46.66836166381836
42.38412094116211
45.25484848022461
25.114816665649414
37.70745086669922
-5.139156818389893
45.162498474121094
49.18053436279297
44.44396209716797
43.18522262573242
41.36563491821289
49.089393615722656
-3.934467315673828
33.83686828613281
46.357078552246094
32.954734802246094
44.93638229370117
47.96697235107422
36.56298065185547
-2.0282671451568604
15.572275161743164
25.534303665161133
28.2634220123291
-8.297778129577637
28.91360855102539
19.116926193237305
30.180374145507812
20.825605392456055
-3.1409711837768555
5.218746185302734
2.50009822845459
37.226646423339844
31.01401138305664
42.22804641723633
8.681207656860352
17.98174476623535
-2.3119940757751465
37.89689636230469
45.74388122558594
-3.733226776123047
46.079429626464844
50.1884880065918
46.93212127685547
44.64434814453125
20.369766235351562
35.9239387512207
39.829490661621094
-2.0735576152801514
41.32860565185547
-2.674168825149536
45.38200378417969
-4.601761817932129
40.35786437988281
46.68614196777344
44.09661865234375
48.01760482788086
49.863800048828125
-1.0781160593032837
35.48202896118164
38.339820861816406
43.87248992919922
48.16400909423828
31.716875076293945
-2.28641414642334
-0.6350764632225037
22.42707633972168
33.76971435546875
21.43793296813965
-3.085667848587036
43.191497802734375
43.45569610595703
36.356624603271484
-4.774196147918701
21.624732971191406
32.6082649230957
34.758544921875
-0.4703536629676819
26.905656814575195
36.685829162597656
25.911046981811523
9.034987449645996
31.500471115112305
47.998619079589844
-2.224135637283325
21.5819091796875
6.716037750244141
