21.613454818725586
42.20065689086914
-4.970916748046875
26.032480239868164
20.591535568237305
22.900224685668945
18.155258178710938
18.407268524169922
17.321491241455078
21.88140296936035
-3.9855339527130127
49.05142593383789
45.852882385253906
51.420066833496094
50.72635269165039
41.227378845214844
-8.048443794250488
41.86186981201172
22.516511917114258
33.421897888183594
1.2715198993682861
43.807830810546875
34.23663330078125
49.613739013671875
37.40183639526367
36.19561767578125
38.59738540649414
39.0225944519043
-6.310906410217285
49.904052734375
-5.628421783447266
27.500343322753906
37.50417709350586
40.785316467285156
50.57731246948242
51.69083786010742
20.19710350036621
-1.284043550491333
16.05477523803711
18.4360408782959
16.275270462036133
48.83478927612305
51.081199645996094
34.243377685546875
49.79080581665039
51.68351364135742
50.86443328857422
3.861240863800049
42.242095947265625
9.051127433776855
-5.877732753753662
17.633695602416992
42.03599548339844
49.73145294189453
18.625059127807617
18.59195899963379
35.86974334716797
48.717891693115234
-0.44048184156417847
23.03190803527832
47.62946319580078
44.29997634887695
47.065372467041016
51.930870056152344
44.252559661865234
30.419788360595703
-3.2866666316986084
35.084449768066406
35.11597442626953
50.482181549072266
47.51502227783203
39.124107360839844
47.322105407714844
39.89375305175781
-2.189016819000244
33.4937744140625
47.10239028930664
50.54338073730469
35.16584396362305
33.187103271484375
-0.29497069120407104
30.26144027709961
29.659061431884766
45.98396682739258
39.979393005371094
45.06083297729492
35.88055419921875
44.761207580566406
-7.70396089553833
50.28663635253906
51.614723205566406
45.62650680541992
51.2302131652832
51.920448303222656
51.3460693359375
20.119054794311523
7.455234527587891
35.01994705200195
36.511356353759766
50.97589111328125
33.997032165527344
44.95783233642578
47.51935577392578
44.982322692871094
45.03809356689453
50.18494415283203
43.31485366821289
-1.348870873451233
39.415374755859375
50.923797607421875
-1.6151925325393677
41.50086975097656
45.25309753417969
40.3337287902832
48.947654724121094
-1.8763638734817505
49.55113983154297
51.69095230102539
49.5890007019043
49.564292907714844
-0.49529731273651123
43.548946380615234
46.149757385253906
45.645904541015625
45.58327865600586
50.45596694946289
-4.7388386726379395
46.78318405151367
40.75114059448242
51.36567687988281
46.96432876586914
49.15656280517578
50.27729797363281
51.820640563964844
51.604095458984375
48.05641174316406
51.76119613647461
51.96604919433594
0.16491031646728516
49.871360778808594
47.36341857910156
45.63633728027344
46.943790435791016
33.04161071777344
46.341556549072266
51.02594757080078
42.054752349853516
38.10639190673828
2.9302995204925537
44.0961799621582
28.387582778930664
27.402090072631836
-4.00007963180542
28.883501052856445
30.578428268432617
41.858970642089844
13.676356315612793
-8.813032150268555
12.742875099182129
18.315271377563477
13.823201179504395
50.97834014892578
38.613521575927734
50.53441619873047
37.808082580566406
43.103721618652344
-0.10321032255887985
50.53441619873047
28.803842544555664
47.04572296142578
27.72641944885254
34.160850524902344
27.548908233642578
-4.169125080108643
0.9840971827507019
43.302608489990234
41.55772399902344
46.16407012939453
43.31126022338867
50.97123718261719
42.55418395996094
51.562889099121094
16.12289810180664
4.1008429527282715
47.69830322265625
25.909120559692383
26.61307144165039
50.96142578125
28.21482276916504
25.7060546875
13.461029052734375
26.61307144165039
42.79492950439453
3.989902973175049
51.87628936767578
51.87628936767578
51.60198211669922
51.44867706298828
37.41487121582031
45.02305603027344
34.311988830566406
45.61682891845703
-4.270540714263916
51.582481384277344
47.142906188964844
50.47860336303711
47.35839080810547
-0.7318195700645447
48.59208679199219
51.46917724609375
27.899776458740234
12.776700973510742
-4.851208686828613
34.58622741699219
23.529386520385742
49.22419738769531
30.69910430908203
-5.373622894287109
32.49298858642578
49.72629165649414
32.38412857055664
32.177452087402344
30.980043411254883
41.35601806640625
31.962491989135742
51.04301071166992
9.403735160827637
44.71305847167969
47.94990158081055
48.30075454711914
47.779396057128906
-3.935687780380249
48.189327239990234
51.045738220214844
-8.256056785583496
33.490631103515625
12.766719818115234
42.53601837158203
33.31023025512695
24.560033798217773
-2.021984815597534
51.377113342285156
51.61310577392578
51.853370666503906
51.55039978027344
51.381874084472656
50.31377029418945
50.8901252746582
51.3328857421875
51.99602127075195
42.87732696533203
51.3328857421875
29.512893676757812
34.02716827392578
34.321495056152344
-7.2531208992004395
35.27454376220703
45.65355682373047
-4.113285064697266
48.983497619628906
49.38758850097656
49.79618835449219
50.24074172973633
51.63593292236328
34.593162536621094
-6.615424156188965
37.06227111816406
48.01668167114258
33.19805908203125
35.1075553894043
23.37491798400879
21.24110984802246
20.159914016723633
42.32752990722656
-6.19899320602417
21.588674545288086
48.022117614746094
47.969905853271484
-0.9134332537651062
51.65203857421875
44.77760314941406
47.037254333496094
51.702552795410156
51.77981948852539
51.88603973388672
45.972389221191406
-2.088573932647705
51.96470260620117
19.145944595336914
51.45228576660156
-3.0418198108673096
34.681129455566406
36.11534118652344
36.11534118652344
-4.457954406738281
40.690589904785156
24.713050842285156
30.421106338500977
28.995450973510742
25.283422470092773
33.9879264831543
41.80706024169922
9.100364685058594
50.76994705200195
43.983734130859375
37.13455581665039
40.79814910888672
20.243013381958008
27.372819900512695
48.30118179321289
35.96682357788086
2.771916151046753
45.43475341796875
47.124717712402344
47.83818054199219
49.08900451660156
0.18316298723220825
51.406585693359375
45.933143615722656
50.36172866821289
-6.199577808380127
42.00309753417969
44.65729522705078
44.77518081665039
2.2978432178497314
18.10896873474121
15.653022766113281
18.10896873474121
18.27275848388672
48.76378631591797
30.321561813354492
38.3319206237793
-3.924910545349121
47.080223083496094
32.20490264892578
30.288761138916016
17.64366340637207
29.1220703125
42.54972839355469
49.80583953857422
47.24958801269531
51.886104583740234
-4.686852931976318
50.89699172973633
45.995338439941406
46.808250427246094
47.65325164794922
46.38719177246094
-7.3507866859436035
28.192462921142578
33.642127990722656
50.722007751464844
28.001867294311523
47.234031677246094
51.0210075378418
51.01726531982422
49.59772491455078
51.729942321777344
-4.815858840942383
51.045082092285156
44.90574264526367
44.90574264526367
43.522064208984375
51.734169006347656
43.77281188964844
3.0602807998657227
34.49736022949219
-3.101497173309326
36.280189514160156
35.10713195800781
33.15036392211914
45.787620544433594
-2.458341360092163
51.781951904296875
43.606040954589844
49.663631439208984
50.172386169433594
49.26984405517578
42.92264175415039
48.992706298828125
39.672210693359375
42.7486686706543
-7.574093818664551
44.434478759765625
43.77130126953125
44.53973388671875
38.572418212890625
42.43113708496094
-5.342650413513184
48.522117614746094
33.0843391418457
20.713909149169922
-1.1151021718978882
18.11176300048828
35.110313415527344
49.96112823486328
43.54841613769531
50.38530731201172
42.9825325012207
42.319435119628906
42.27001953125
-2.889493227005005
30.421995162963867
31.223106384277344
31.626577377319336
-1.787087321281433
28.28445053100586
48.68881607055664
28.973665237426758
36.70011901855469
41.789459228515625
32.45500183105469
-6.5087971687316895
50.303279876708984
29.81066131591797
50.7345085144043
25.069862365722656
-5.790410995483398
23.6682186126709
24.415117263793945
30.004796981811523
-8.979229927062988
27.533597946166992
47.112884521484375
29.733285903930664
27.36025619506836
48.92326354980469
35.051910400390625
-2.85958194732666
48.79594802856445
42.16622543334961
50.797447204589844
50.35132598876953
49.32444381713867
36.65532684326172
50.645484924316406
-4.626751899719238
51.529685974121094
30.69733428955078
-3.6012825965881348
45.07615661621094
33.707923889160156
30.392454147338867
49.27072525024414
47.75458908081055
35.12017822265625
2.8112082481384277
50.26568603515625
48.6142578125
47.58955383300781
-3.407320737838745
49.35624694824219
46.81621551513672
43.59980010986328
49.18768310546875
51.372825622558594
48.564659118652344
44.079307556152344
44.30811309814453
51.29454803466797
44.08808898925781
4.861969947814941
51.479698181152344
51.9317626953125
51.55632781982422
-6.000652313232422
51.72578430175781
51.46259307861328
45.044254302978516
48.92674255371094
45.42316436767578
-0.06178443878889084
44.19862365722656
44.47699737548828
51.25596618652344
49.515193939208984
33.91575241088867
47.9527587890625
50.88136291503906
51.74146270751953
36.149898529052734
38.3773078918457
33.85392761230469
29.95500373840332
-2.8503057956695557
47.696617126464844
49.80084228515625
51.17735290527344
49.23881530761719
-2.886192560195923
50.47112274169922
48.873863220214844
7.347996234893799
51.38166046142578
26.505821228027344
5.5897111892700195
40.987518310546875
32.381324768066406
47.02358627319336
25.40241050720215
38.92784118652344
50.37419891357422
46.468589782714844
-4.520275592803955
50.26976013183594
51.778079986572266
50.11534118652344
48.643341064453125
-5.910860061645508
50.624664306640625
51.17681121826172
51.25202178955078
51.77676773071289
48.67734909057617
51.77676773071289
51.77676773071289
-0.0016563460230827332
32.295982360839844
31.742233276367188
29.86109161376953
34.31150436401367
48.59938430786133
50.06007385253906
50.4321174621582
50.77112579345703
-6.845881462097168
48.242305755615234
51.47495651245117
44.938777923583984
43.106231689453125
47.278968811035156
45.925926208496094
-2.268195152282715
51.01933288574219
44.189998626708984
43.65940475463867
44.90831756591797
50.435630798339844
-3.587703227996826
45.212646484375
46.063079833984375
44.871063232421875
-4.635973930358887
48.72132110595703
41.622642517089844
45.211509704589844
48.416221618652344
47.992401123046875
-3.295858860015869
45.21027374267578
48.618194580078125
51.44532775878906
-0.6768427491188049
31.399221420288086
30.921483993530273
22.2116641998291
32.975555419921875
50.69355010986328
28.207422256469727
-4.177055835723877
22.98145866394043
48.183494567871094
36.12632751464844
27.051130294799805
28.66284942626953
32.69066619873047
32.039710998535156
49.99992752075195
24.574005126953125
30.61134147644043
37.994140625
33.68779373168945
37.06951904296875
-4.623758792877197
46.20170974731445
49.206565856933594
-5.700824737548828
32.577293395996094
48.13604736328125
28.176443099975586
18.59629249572754
50.881622314453125
47.022422790527344
51.50646209716797
46.4338493347168
46.8682861328125
16.29545783996582
48.13490295410156
47.441200256347656
50.71214294433594
9.246095657348633
-4.703673839569092
50.1995849609375
51.20209884643555
