46.97997283935547
51.84452438354492
48.235782623291016
-2.6182608604431152
44.39715576171875
38.86985397338867
22.392786026000977
50.5172233581543
21.29697608947754
19.973684310913086
22.02079963684082
-0.2437456250190735
40.094703674316406
42.339134216308594
-0.538606584072113
50.83810043334961
41.8264045715332
41.10774230957031
24.805381774902344
32.03594970703125
28.0233154296875
48.73054504394531
19.898387908935547
1.0668736696243286
-4.295932292938232
23.747344970703125
17.409931182861328
24.243425369262695
24.06769561767578
51.865291595458984
14.211705207824707
13.688359260559082
-4.822172164916992
10.032971382141113
15.199015617370605
51.05451202392578
25.412212371826172
11.577471733093262
3.675262928009033
48.44160461425781
22.1422119140625
17.983356475830078
38.9095344543457
51.350460052490234
37.49698257446289
36.33549118041992
9.213409423828125
25.46527862548828
-4.592159748077393
13.541359901428223
22.699983596801758
24.176088333129883
29.02720832824707
50.88365173339844
9.576641082763672
50.83963394165039
26.7000789642334
22.88370132446289
20.102210998535156
37.030975341796875
48.10655212402344
51.994781494140625
48.82694625854492
22.003759384155273
49.775421142578125
48.82694625854492
41.03782272338867
51.768733978271484
36.6063117980957
10.3930082321167
38.738380432128906
32.01252365112305
24.793506622314453
30.685571670532227
0.029422767460346222
51.70172119140625
33.13521194458008
20.13662338256836
44.50918960571289
51.317535400390625
44.619651794433594
44.3181266784668
11.128841400146484
-4.777205467224121
32.23085021972656
29.759544372558594
35.87421417236328
26.59140396118164
-5.962570667266846
51.306907653808594
40.967872619628906
47.077613830566406
46.946205139160156
48.31205749511719
7.293892860412598
51.81835174560547
29.964893341064453
43.76176452636719
44.91994094848633
51.434383392333984
4.358026504516602
38.410858154296875
19.322769165039062
21.611427307128906
24.991485595703125
25.963911056518555
27.205041885375977
49.874412536621094
20.820199966430664
3.9859304428100586
38.39493942260742
17.264713287353516
43.11850357055664
51.780357360839844
33.31959533691406
21.027263641357422
1.9127732515335083
51.448143005371094
28.988740921020508
33.73020553588867
51.09490966796875
51.30821228027344
0.8434892296791077
51.116371154785156
50.491859436035156
51.84014129638672
1.4947339296340942
31.506357192993164
27.355934143066406
50.48825454711914
30.162551879882812
31.218917846679688
43.52809524536133
51.82495880126953
7.606423854827881
47.45915222167969
-4.38117790222168
42.107215881347656
43.39434814453125
51.342491149902344
45.77101516723633
47.65130615234375
46.508460998535156
4.007380485534668
4.3314971923828125
50.46176528930664
35.935096740722656
30.10386085510254
36.044124603271484
37.920433044433594
45.818538665771484
44.78632354736328
22.487913131713867
50.02862548828125
43.360260009765625
45.26618194580078
7.643601894378662
12.100516319274902
0.2653242349624634
13.554678916931152
10.52627944946289
43.918128967285156
44.21320343017578
51.91130447387695
4.700531959533691
45.85115051269531
44.411476135253906
38.12059020996094
29.338232040405273
51.15705490112305
44.43292236328125
44.423553466796875
43.60696029663086
34.114837646484375
21.73856544494629
37.02283477783203
44.2435188293457
43.004852294921875
42.70857620239258
51.519466400146484
-4.069733142852783
22.91915512084961
10.791827201843262
10.755488395690918
17.070287704467773
51.817779541015625
22.298032760620117
51.879817962646484
34.78757858276367
5.539968490600586
42.5028190612793
42.5028190612793
48.27101135253906
51.94831848144531
37.08708953857422
47.39448547363281
48.078338623046875
17.47443199157715
-1.5245349407196045
49.816497802734375
0.2827540636062622
10.810537338256836
0.6235204339027405
-3.5606112480163574
-1.1723788976669312
33.14349365234375
47.196598052978516
51.88285827636719
44.04624557495117
32.98133850097656
35.194068908691406
43.24736022949219
35.17790985107422
50.86310958862305
41.77186584472656
-4.892834186553955
14.945727348327637
51.8607292175293
42.96049499511719
24.195709228515625
33.65117645263672
43.467735290527344
18.40104866027832
14.337494850158691
0.21157437562942505
29.234718322753906
10.275010108947754
50.83418273925781
6.401303291320801
50.72151565551758
43.66858673095703
10.283190727233887
34.56947326660156
41.248939514160156
39.943199157714844
-4.246455192565918
33.536529541015625
29.630475997924805
24.265398025512695
51.12153625488281
44.43006134033203
6.945084571838379
39.52946472167969
51.91492462158203
43.457435607910156
22.683443069458008
45.29066467285156
-0.5614246129989624
37.336021423339844
51.743186950683594
38.18677520751953
38.465213775634766
0.7838300466537476
49.366886138916016
15.329663276672363
8.304253578186035
7.978986740112305
23.13511085510254
14.800211906433105
47.115386962890625
50.3931884765625
51.588809967041016
5.2562384605407715
48.390193939208984
17.554819107055664
38.642295837402344
37.76253890991211
0.5782312750816345
44.84419250488281
51.2856559753418
11.331522941589355
-4.949878692626953
9.162062644958496
40.198001861572266
5.307958602905273
7.702595233917236
50.42688751220703
51.923133850097656
40.05540466308594
49.19378662109375
3.7820963859558105
40.53929138183594
48.33047866821289
40.816497802734375
51.064598083496094
51.979705810546875
25.382020950317383
29.278501510620117
3.837688684463501
27.440671920776367
44.643798828125
51.34474182128906
36.595542907714844
25.27193260192871
11.51415729522705
8.130024909973145
3.8208811283111572
34.712398529052734
10.307507514953613
13.466057777404785
-1.3246264457702637
18.563718795776367
20.67841911315918
48.5408935546875
20.726877212524414
20.57230567932129
26.398487091064453
25.739145278930664
36.176055908203125
51.37371826171875
26.745588302612305
28.757997512817383
40.07048034667969
51.642948150634766
4.407932281494141
37.99761962890625
48.72784423828125
47.205101013183594
41.91902542114258
38.78722381591797
26.71638298034668
38.567073822021484
10.891785621643066
51.781837463378906
38.95315170288086
29.51607322692871
15.856602668762207
0.37398606538772583
39.107696533203125
51.84038543701172
34.57807159423828
50.093055725097656
10.152186393737793
10.419865608215332
-0.5788525938987732
10.857794761657715
46.07760238647461
45.454505920410156
15.134490013122559
48.973724365234375
46.86640167236328
51.900691986083984
35.51347351074219
33.79804229736328
36.927490234375
51.37481689453125
25.713367462158203
38.079349517822266
0.6103644371032715
51.91630554199219
43.71611022949219
6.604604244232178
44.22315979003906
45.17858123779297
35.90324783325195
48.3619270324707
1.665108561515808
51.792457580566406
38.023563385009766
47.36030197143555
9.995013236999512
48.584014892578125
49.92512893676758
51.91505813598633
49.669654846191406
49.82941436767578
-6.8102617263793945
48.873443603515625
20.01824378967285
25.37700843811035
20.38630485534668
22.582759857177734
45.98942565917969
47.104942321777344
-4.861371994018555
51.69779586791992
47.62443161010742
12.945874214172363
-6.378145217895508
16.26589012145996
34.53036880493164
49.855037689208984
32.713890075683594
33.94685363769531
33.04670715332031
50.70948791503906
27.829927444458008
-4.99550199508667
30.311670303344727
25.965885162353516
-3.4816315174102783
51.96086502075195
30.253122329711914
50.23051452636719
42.209571838378906
46.9613037109375
3.4634575843811035
19.20003318786621
19.31878662109375
18.400070190429688
20.77056312561035
48.2775764465332
43.21363830566406
51.563499450683594
-0.3071340322494507
42.00714874267578
31.70319938659668
40.558631896972656
25.054067611694336
-1.9412328004837036
32.78474807739258
21.324186325073242
41.02001190185547
51.55099868774414
32.5852165222168
34.39360046386719
-4.247241020202637
30.85475730895996
22.27910804748535
51.5685920715332
12.249524116516113
10.841120719909668
26.277345657348633
50.686378479003906
13.483094215393066
-1.2569154500961304
48.67902374267578
39.048343658447266
3.108137845993042
48.4337158203125
24.94282341003418
51.96160125732422
6.279375076293945
47.91777801513672
41.470550537109375
44.15605545043945
48.67375564575195
51.762664794921875
35.55284881591797
50.64678955078125
21.968570709228516
-7.565474510192871
33.73740005493164
24.20317840576172
37.53590774536133
39.98208236694336
37.00983810424805
51.2869758605957
9.386744499206543
42.74800109863281
-1.9359248876571655
49.47418975830078
29.386180877685547
9.330480575561523
31.894922256469727
23.49176597595215
2.631624698638916
50.423580169677734
28.037708282470703
28.846708297729492
26.16399574279785
34.83562469482422
0.6464382410049438
22.23587417602539
44.939815521240234
51.865516662597656
46.15953063964844
45.79035186767578
9.244322776794434
-4.247313976287842
10.12226390838623
-1.0928407907485962
2.5428764820098877
51.3115348815918
50.36650466918945
51.955299377441406
17.809246063232422
48.541255950927734
-2.396871566772461
45.22126770019531
22.615713119506836
42.485923767089844
44.77719497680664
32.10652542114258
34.48748779296875
51.36482620239258
-3.083026170730591
51.8072509765625
47.74550247192383
46.91313934326172
48.31920623779297
40.72979736328125
46.6993408203125
51.961856842041016
1.7316128015518188
47.46403503417969
36.551109313964844
44.83617401123047
-3.228222370147705
50.92472839355469
17.75058937072754
34.2060546875
36.53971862792969
19.852012634277344
31.27475357055664
33.03556823730469
32.34318923950195
0.8974997401237488
38.14171600341797
51.78638458251953
38.643131256103516
37.22498321533203
42.43794250488281
51.958473205566406
46.71257400512695
-0.7891615033149719
43.32652282714844
51.35167694091797
47.26647186279297
49.18841552734375
-4.047816276550293
42.363487243652344
46.99135971069336
46.14125061035156
7.898295879364014
40.53007125854492
44.14794158935547
51.522216796875
-3.871150255203247
34.999778747558594
29.027477264404297
51.08013916015625
20.193151473999023
33.54887771606445
32.26225280761719
35.56028366088867
-3.9437763690948486
49.658363342285156
23.093530654907227
22.154603958129883
22.56740379333496
23.221446990966797
3.9165456295013428
15.290765762329102
2.0848236083984375
49.091590881347656
16.14509391784668
2.5401244163513184
22.652612686157227
44.63829803466797
16.578840255737305
14.200933456420898
10.459307670593262
51.02069091796875
14.73086166381836
40.80445861816406
37.68968963623047
10.854731559753418
-0.5570374727249146
50.82670211791992
37.846012115478516
21.574512481689453
32.62818145751953
46.16477966308594
12.62873363494873
26.63426399230957
16.443666458129883
1.367058277130127
34.184104919433594
51.959781646728516
-1.2447789907455444
50.36138153076172
39.02154541015625
24.991668701171875
34.67660903930664
35.01152038574219
39.593040466308594
39.31538009643555
-0.2549489140510559
44.75867462158203
43.481529235839844
51.538352966308594
-2.82039737701416
51.915504455566406
17.593358993530273
16.90165138244629
40.291961669921875
-3.0757031440734863
50.72161865234375
46.542755126953125
30.307514190673828
51.870521545410156
25.410356521606445
4.21481990814209
