-36.07917785644531
-23.100296020507812
25.297658920288086
29.437501907348633
43.95973205566406
37.810855865478516
19.591487884521484
9.677754402160645
-32.095542907714844
12.928243637084961
-5.818248748779297
20.338037490844727
49.557682037353516
-22.151687622070312
48.14091491699219
-5.983161926269531
47.14586639404297
49.475189208984375
-8.29311752319336
32.80663299560547
3.3566513061523438
45.07617950439453
17.260953903198242
-18.776735305786133
-7.418481826782227
37.0576286315918
40.578163146972656
41.33000183105469
39.601158142089844
-32.79141616821289
30.274946212768555
15.19530200958252
-7.480952739715576
16.09705924987793
17.370859146118164
-34.06019592285156
38.90657424926758
34.82240295410156
38.866294860839844
36.05143737792969
32.544654846191406
4.325406074523926
44.40025329589844
44.40025329589844
45.84857940673828
45.730812072753906
39.03968811035156
-0.16430813074111938
-7.550912857055664
18.166881561279297
-23.991430282592773
18.41131019592285
9.0106840133667
8.117607116699219
-5.787499904632568
36.90483093261719
1.015403389930725
48.16455841064453
12.344785690307617
35.97628402709961
47.516510009765625
47.516510009765625
6.943626403808594
38.260841369628906
47.716670989990234
45.49359893798828
42.28082275390625
-18.42560577392578
46.73267364501953
27.297170639038086
-7.579373836517334
42.379024505615234
38.49506378173828
48.71442413330078
50.23365783691406
-9.242620468139648
50.10289001464844
26.062366485595703
23.054672241210938
44.282737731933594
-7.044468402862549
38.98799133300781
42.54056167602539
41.205604553222656
42.56871795654297
-13.48057746887207
11.576324462890625
28.77418327331543
-6.833968639373779
45.653099060058594
43.690704345703125
50.960792541503906
43.690704345703125
-4.003208160400391
27.68500328063965
44.94851303100586
-5.778598785400391
48.768829345703125
-21.452842712402344
26.787023544311523
36.36239242553711
49.130252838134766
-5.58438777923584
34.168426513671875
50.21190643310547
49.153465270996094
46.5300407409668
-34.11431121826172
43.410037994384766
-14.41519832611084
45.531829833984375
1.6282531023025513
40.22096252441406
39.34833526611328
-3.0716705322265625
26.80671501159668
18.099313735961914
20.281070709228516
42.1502799987793
34.3875732421875
51.760921478271484
50.514739990234375
45.203369140625
-8.73509693145752
51.75535202026367
51.605621337890625
22.645200729370117
20.94089698791504
22.2312068939209
18.88682746887207
-41.66088104248047
-5.8373026847839355
-10.751174926757812
26.37813949584961
36.838951110839844
33.11150360107422
-5.714834690093994
22.549970626831055
49.37070846557617
50.229148864746094
-5.886767387390137
46.16012954711914
41.04928207397461
49.486717224121094
37.744407653808594
46.069541931152344
29.849027633666992
-13.66171932220459
48.292503356933594
-2.6108219623565674
43.78599548339844
43.39372253417969
43.125892639160156
-27.785438537597656
2.582587242126465
36.49588394165039
22.4033260345459
13.672463417053223
-14.429587364196777
4.39824104309082
-6.162796974182129
4.902259826660156
-1.0677558183670044
43.862579345703125
48.92457580566406
38.400787353515625
31.139070510864258
51.13304901123047
47.734031677246094
48.138511657714844
44.193843841552734
44.193843841552734
35.346797943115234
-11.959599494934082
-31.56869888305664
31.946693420410156
50.08759689331055
1.4638049602508545
26.43805503845215
31.13486671447754
-5.888444900512695
25.098583221435547
19.781984329223633
17.795413970947266
28.023950576782227
32.42084503173828
48.03244400024414
0.7120817303657532
4.0344557762146
21.07605743408203
21.342327117919922
9.158238410949707
32.385826110839844
-3.5195424556732178
29.177885055541992
44.68962478637695
-2.7054238319396973
50.9864616394043
-30.253849029541016
-8.103141784667969
38.353790283203125
20.9201717376709
21.156259536743164
31.59543800354004
11.440356254577637
6.701411724090576
6.907618522644043
1.3513002395629883
14.239388465881348
-3.836235523223877
-39.565067291259766
-11.553977012634277
43.46204376220703
27.557533264160156
24.314956665039062
28.41377067565918
49.761871337890625
50.701416015625
47.4798583984375
-10.95254135131836
8.173602104187012
49.17616653442383
10.970582962036133
-8.709444999694824
21.179685592651367
-4.631352424621582
4.271413803100586
5.70340633392334
-32.162513732910156
43.26749801635742
48.57228469848633
-9.42309284210205
50.74353790283203
51.58068084716797
-8.792845726013184
14.424253463745117
-2.3393044471740723
10.415206909179688
-29.83537483215332
46.096736907958984
-3.3041210174560547
37.15877151489258
49.074893951416016
45.31257629394531
50.89118957519531
51.33349609375
51.993011474609375
51.953468322753906
-6.196398735046387
51.94449234008789
51.993011474609375
51.96626663208008
-40.26191711425781
42.81065368652344
43.25365447998047
-21.52301597595215
33.40544509887695
15.559368133544922
-4.4939188957214355
45.091495513916016
-12.806334495544434
44.206207275390625
46.25845718383789
46.971771240234375
32.21430969238281
45.33445358276367
43.584171295166016
16.508108139038086
-2.8867545127868652
47.31935501098633
39.38513946533203
28.308349609375
-8.521097183227539
4.7588019371032715
-43.910621643066406
11.967217445373535
38.93389129638672
44.98221206665039
9.469225883483887
-4.093402862548828
-5.900006294250488
6.57979679107666
50.88219451904297
45.34136199951172
-3.337254285812378
50.3562126159668
47.855384826660156
45.46463394165039
38.71577453613281
34.27374267578125
-1.3566890954971313
38.489566802978516
32.43203353881836
14.002324104309082
-5.309481620788574
23.285350799560547
-7.2160868644714355
-10.441672325134277
-10.41452693939209
20.95077133178711
45.305946350097656
45.882877349853516
-1.8633472919464111
46.58149719238281
16.716142654418945
-13.770844459533691
29.84012794494629
25.65723991394043
8.316734313964844
29.112062454223633
26.20359992980957
2.0797252655029297
48.115203857421875
3.0250046253204346
49.255889892578125
38.08483123779297
17.489160537719727
-18.706926345825195
-29.11875343322754
43.88785934448242
45.324180603027344
0.3852697014808655
46.557212829589844
40.35606002807617
36.95515441894531
31.764917373657227
22.813751220703125
31.866920471191406
-6.329845905303955
29.772951126098633
-28.65826416015625
49.09869384765625
45.21587371826172
49.993682861328125
43.00946807861328
-6.565431594848633
50.208778381347656
50.004417419433594
51.25197982788086
-6.459054946899414
50.233642578125
50.87112045288086
26.84401512145996
-11.624855995178223
27.80278968811035
46.961875915527344
-2.326253890991211
44.40718460083008
42.39806365966797
-22.195894241333008
-4.059138774871826
-5.185012340545654
44.3916130065918
11.749604225158691
49.21953582763672
43.30909729003906
40.55757141113281
-5.701706409454346
47.16909408569336
43.6003532409668
43.214168548583984
31.191219329833984
-4.945630073547363
19.903650283813477
40.943092346191406
41.9894905090332
24.997289657592773
-9.807653427124023
26.829023361206055
22.4489803314209
27.11967658996582
11.580102920532227
5.624195098876953
51.88714599609375
-4.167548179626465
51.19269943237305
2.2934744358062744
5.84293270111084
13.67717456817627
23.31355094909668
35.16950607299805
34.92120361328125
-9.285416603088379
30.512361526489258
4.896815299987793
11.087796211242676
36.185699462890625
45.29254913330078
47.75007629394531
-6.357641220092773
46.68378829956055
-22.944448471069336
46.12388610839844
48.103782653808594
-6.200416564941406
46.93878936767578
-4.726362228393555
-37.420677185058594
50.22714614868164
50.7253532409668
51.14305114746094
49.74382019042969
48.10823059082031
45.29108428955078
45.28263473510742
42.016746520996094
26.965606689453125
-6.3908371925354
5.374488830566406
-4.82611083984375
41.86860656738281
5.511618614196777
0.04498029500246048
10.420675277709961
-7.5323991775512695
50.83824157714844
51.02067947387695
-30.588672637939453
47.2102165222168
50.14903259277344
17.65852165222168
2.908416986465454
13.005114555358887
-7.267563819885254
9.319880485534668
21.301942825317383
49.62995910644531
-31.578916549682617
39.78357696533203
40.309593200683594
49.957847595214844
-1.9603873491287231
4.895875453948975
2.3013103008270264
13.18237590789795
36.11549377441406
40.488014221191406
-14.601463317871094
43.737396240234375
43.819393157958984
-3.921138286590576
-16.191776275634766
-7.098230838775635
45.81966018676758
22.688798904418945
9.22240924835205
0.4924048185348511
19.419795989990234
16.569658279418945
-11.753890037536621
51.700706481933594
51.77771759033203
51.73100662231445
1.8648954629898071
51.76183319091797
51.35688018798828
10.26683235168457
12.63365650177002
-7.7414326667785645
25.682558059692383
41.385902404785156
-23.134187698364258
49.138248443603516
47.64118576049805
51.03875732421875
48.535858154296875
-7.314414024353027
50.66531753540039
46.089752197265625
49.69287872314453
45.56160354614258
47.565921783447266
-11.450697898864746
36.241554260253906
-6.947233200073242
49.009803771972656
51.940704345703125
51.52690505981445
49.479129791259766
51.8177490234375
33.687225341796875
35.365203857421875
43.73980712890625
48.152687072753906
29.402414321899414
-12.917364120483398
51.341007232666016
-8.878677368164062
51.65038299560547
51.29520797729492
51.33396911621094
48.6881103515625
34.07514190673828
34.321022033691406
32.29665756225586
30.679824829101562
34.12337112426758
-6.802244663238525
48.07368469238281
28.14023780822754
42.68206787109375
15.658084869384766
43.56767654418945
-5.9229512214660645
51.799537658691406
51.239463806152344
51.562660217285156
-7.343778133392334
51.894859313964844
51.88810729980469
39.87014389038086
26.432313919067383
-5.642176628112793
34.51997375488281
44.82373046875
42.393218994140625
43.93330764770508
30.784170150756836
31.813751220703125
20.29150390625
-5.662286281585693
26.572811126708984
-30.57099723815918
-3.205596923828125
41.8724250793457
40.59858322143555
50.04654312133789
49.40563201904297
2.0950746536254883
35.33466339111328
44.922706604003906
-7.894098281860352
42.979393005371094
41.00436019897461
49.367279052734375
48.44347381591797
34.036624908447266
46.64456558227539
24.556108474731445
-7.277209281921387
-2.4720520973205566
33.3936653137207
33.165306091308594
31.64645767211914
23.901744842529297
24.381881713867188
50.2398681640625
-6.219313621520996
48.77259063720703
-20.358572006225586
48.70426940917969
50.2119026184082
6.217840194702148
7.921753883361816
7.331254482269287
-7.751672744750977
4.322937965393066
10.242380142211914
-33.63323974609375
30.860504150390625
-9.088194847106934
24.068708419799805
28.522476196289062
39.256446838378906
23.059289932250977
37.62052917480469
48.83958435058594
-3.9235620498657227
11.131203651428223
9.197312355041504
7.828275680541992
-12.231596946716309
17.190685272216797
-9.236947059631348
15.849989891052246
11.841094017028809
28.254131317138672
15.098734855651855
40.409576416015625
-7.4665398597717285
44.44609069824219
-25.748506546020508
-3.8089375495910645
39.96388244628906
23.439212799072266
50.823028564453125
44.34100341796875
47.615966796875
13.67746639251709
25.687532424926758
17.560922622680664
48.69953918457031
-1.4957246780395508
27.86118507385254
