50.935977935791016
50.83403015136719
-2.3993260860443115
-5.747762680053711
50.82887268066406
48.421356201171875
41.98798751831055
50.419803619384766
49.564697265625
50.35826873779297
49.566429138183594
47.54827880859375
1.7645610570907593
50.68126678466797
49.857948303222656
-2.9564075469970703
50.54513931274414
49.53256607055664
-3.54060435295105
1.0044814348220825
50.87905502319336
47.311431884765625
51.592079162597656
50.27915954589844
16.545135498046875
-3.2024929523468018
44.71604537963867
47.961090087890625
50.87178421020508
50.64854431152344
48.745628356933594
-8.618366241455078
35.953304290771484
39.16718673706055
39.04326629638672
-4.153907299041748
8.762887001037598
46.75764083862305
51.27678680419922
-5.301517486572266
48.659568786621094
49.515586853027344
8.649336814880371
4.310794830322266
10.044313430786133
46.46112060546875
46.41417694091797
9.644516944885254
43.09784698486328
47.73782730102539
28.83402442932129
49.38739013671875
-5.1340837478637695
49.68687438964844
28.14287757873535
10.116694450378418
43.533470153808594
47.14982604980469
47.43625259399414
45.924346923828125
51.320865631103516
16.818246841430664
44.83781433105469
51.374515533447266
-3.0050570964813232
43.10939407348633
-8.1144437789917
51.416290283203125
49.88446044921875
50.960418701171875
-2.1425423622131348
47.491729736328125
13.518177032470703
50.28440475463867
49.245826721191406
51.35160827636719
49.970436096191406
50.515113830566406
30.37180519104004
12.100287437438965
17.952665328979492
21.597410202026367
30.751951217651367
-7.752813339233398
48.28826141357422
39.31202697753906
41.0744743347168
50.68450164794922
45.69667053222656
-1.626131534576416
50.68192672729492
-10.343811988830566
-0.8411914706230164
-0.3941366672515869
9.617205619812012
50.612571716308594
49.18092727661133
50.39973449707031
44.68865203857422
-4.983364105224609
47.517234802246094
0.5629241466522217
45.75529098510742
48.714202880859375
-6.386917591094971
48.62306213378906
45.338661193847656
45.84825134277344
48.0654296875
40.79627990722656
-6.587456703186035
20.601083755493164
43.47837829589844
42.53763198852539
41.10641860961914
36.77553176879883
1.2908203601837158
-5.532707691192627
37.797447204589844
-0.717962920665741
46.09003448486328
-4.599050521850586
35.06055450439453
-5.504739761352539
50.07008361816406
45.28529357910156
-2.7181849479675293
41.706268310546875
41.666717529296875
-10.386139869689941
43.6676025390625
47.388824462890625
48.78147506713867
49.73041534423828
50.947505950927734
19.025598526000977
-4.590357780456543
41.4331169128418
48.17144775390625
44.585845947265625
-5.513740539550781
43.48381423950195
48.850685119628906
31.837072372436523
13.971585273742676
49.85973358154297
50.35033416748047
47.73442077636719
50.62102508544922
48.228858947753906
46.6364631652832
48.4298210144043
45.15770721435547
48.773746490478516
40.19607162475586
8.175232887268066
10.470568656921387
18.489240646362305
47.73390197753906
14.677252769470215
-2.990018844604492
36.121036529541016
50.87763977050781
51.63637924194336
51.023719787597656
0.07324666529893875
51.53273010253906
51.27367401123047
49.41252136230469
-3.355891466140747
47.75514602661133
43.62282943725586
51.34501647949219
48.02486038208008
42.20679473876953
-7.754759788513184
27.053987503051758
44.53022766113281
50.586708068847656
49.291160583496094
51.24964141845703
50.55143737792969
18.388669967651367
50.28129196166992
-6.825827121734619
50.66556167602539
-1.42524254322052
13.912751197814941
46.456703186035156
18.594703674316406
48.11979293823242
0.6608718037605286
-4.546894073486328
43.91960906982422
38.88936233520508
-0.3592844009399414
50.82117462158203
48.53256607055664
42.6385498046875
47.116085052490234
40.406150817871094
-7.532444000244141
-1.0388668775558472
40.450286865234375
-6.944462776184082
50.89546203613281
47.410003662109375
49.6864013671875
49.55741882324219
-1.3955249786376953
4.096367835998535
-7.467301845550537
50.672420501708984
48.80632019042969
50.702049255371094
49.34931564331055
-2.887671947479248
19.56474494934082
17.307846069335938
13.174172401428223
11.697380065917969
-5.514888763427734
2.4497408866882324
48.191410064697266
46.63880157470703
46.93701171875
50.58897399902344
-5.1787519454956055
48.57577133178711
39.58339309692383
-4.168630123138428
-6.256451606750488
50.63236999511719
26.306066513061523
-9.262592315673828
47.58205032348633
47.97233200073242
44.76893997192383
46.915374755859375
-2.926353693008423
-7.2485432624816895
51.5919189453125
51.20819854736328
51.583251953125
11.392552375793457
51.30025100708008
24.465425491333008
1.8957382440567017
18.920869827270508
45.76716613769531
33.65074920654297
-5.680933952331543
43.18614196777344
47.802467346191406
-4.706636428833008
-8.046890258789062
45.78999328613281
47.65439987182617
-4.546160697937012
51.25909423828125
51.39118194580078
51.73700714111328
-9.637580871582031
51.61517333984375
34.40282440185547
32.261924743652344
-12.699570655822754
23.458887100219727
-3.858321189880371
25.676767349243164
49.86493682861328
42.74932098388672
-9.507838249206543
46.17931365966797
-4.868081092834473
48.75800323486328
-2.9834811687469482
45.739654541015625
49.915855407714844
33.28061294555664
35.06382751464844
4.128796100616455
51.463966369628906
50.856414794921875
-1.7961511611938477
51.9887580871582
51.24231719970703
52.03417205810547
-6.15972900390625
-1.9790313243865967
49.02518844604492
48.08229446411133
48.825260162353516
47.60500717163086
26.302324295043945
20.745542526245117
-5.416557312011719
17.10399627685547
23.911062240600586
23.12368392944336
-2.8840949535369873
16.161907196044922
37.220375061035156
-6.012701034545898
36.84086990356445
16.962860107421875
-9.481430053710938
12.559182167053223
37.80384063720703
38.320762634277344
37.97480392456055
44.511383056640625
-10.46154499053955
41.39630126953125
36.74225616455078
33.44717788696289
36.053794860839844
-2.4200336933135986
49.784217834472656
49.6522331237793
-4.924400329589844
-7.341128349304199
48.70466613769531
31.655818939208984
50.43278884887695
51.00229263305664
50.3505859375
-11.12923526763916
50.99442672729492
15.372074127197266
-11.526984214782715
23.077362060546875
-1.304120659828186
34.984825134277344
35.45652770996094
36.49230194091797
-5.253628730773926
50.91590118408203
50.62982940673828
23.922317504882812
50.98151397705078
48.074012756347656
44.41105651855469
33.910614013671875
-6.317569255828857
45.12232971191406
39.53230285644531
2.0351293087005615
40.8017578125
42.05827713012695
26.359888076782227
35.648433685302734
-4.551196098327637
-1.308681845664978
49.79104995727539
50.04393005371094
-4.504668712615967
48.18474578857422
50.24810028076172
14.716588973999023
51.616355895996094
9.75377368927002
51.41752243041992
-2.7725250720977783
51.64370346069336
51.47787094116211
-0.9050390720367432
22.679197311401367
27.336931228637695
23.11180305480957
26.618757247924805
22.740495681762695
-0.9967595934867859
16.520383834838867
27.870145797729492
45.636260986328125
45.438133239746094
42.45673751831055
-6.946775436401367
30.462322235107422
37.295928955078125
16.92324447631836
2.7755446434020996
29.304716110229492
-7.660445690155029
-2.881206512451172
45.70751190185547
44.190826416015625
41.309303283691406
36.211673736572266
41.49973678588867
44.991615295410156
-6.743608474731445
1.8532640933990479
46.37532424926758
49.245967864990234
45.188358306884766
45.939247131347656
-7.396162986755371
47.35826873779297
-12.74422836303711
40.74928283691406
46.40038299560547
46.11152267456055
37.711971282958984
45.83013153076172
43.936466217041016
43.403480529785156
-7.642889976501465
25.010412216186523
22.1074275970459
-3.5407421588897705
36.25114059448242
39.90138244628906
49.04191207885742
46.98887252807617
-8.058655738830566
4.862634181976318
48.98246383666992
47.397499084472656
40.09569549560547
42.412933349609375
-3.920849323272705
47.47219467163086
39.063377380371094
41.54736328125
48.01605987548828
-5.154852867126465
41.852256774902344
11.853806495666504
45.66360855102539
48.60409164428711
2.608004570007324
-5.283452033996582
50.095680236816406
48.804954528808594
48.968719482421875
49.46135711669922
35.170352935791016
-6.377442359924316
37.56568145751953
39.70276641845703
37.15510559082031
-2.479466199874878
45.08082580566406
47.302589416503906
43.992706298828125
44.80381393432617
0.0565270259976387
44.86160659790039
49.34056854248047
49.08954620361328
47.4545783996582
-8.145527839660645
-2.0995421409606934
50.170692443847656
48.98904800415039
47.599979400634766
2.379760980606079
-7.2327423095703125
43.03015899658203
46.88151550292969
47.74859619140625
-7.204609394073486
50.59648513793945
-4.749205589294434
41.50677490234375
41.25341033935547
40.69807815551758
-11.98879337310791
49.01934051513672
48.23606872558594
-8.194143295288086
49.12879943847656
48.34049606323242
49.512664794921875
-7.818868637084961
41.51570510864258
49.38018035888672
4.1536126136779785
50.52189636230469
50.523284912109375
-6.964239120483398
48.846031188964844
-11.826998710632324
41.017601013183594
51.27967834472656
51.56159973144531
51.63715362548828
51.647518157958984
51.49015808105469
-2.21809458732605
1.245747685432434
47.39189910888672
-6.046514987945557
48.94935607910156
47.98115539550781
44.048213958740234
43.43183517456055
41.730926513671875
40.740211486816406
43.017547607421875
39.33636474609375
-0.47406405210494995
44.803184509277344
43.98237609863281
47.13260269165039
51.56147766113281
-6.304563522338867
12.469493865966797
44.59620666503906
51.444068908691406
50.79824447631836
22.419858932495117
-2.0609428882598877
50.83870315551758
39.827796936035156
0.407936155796051
43.081729888916016
-9.346723556518555
39.001976013183594
46.99388885498047
50.48664855957031
-2.0283918380737305
48.55485916137695
51.336177825927734
46.973453521728516
51.556304931640625
27.849159240722656
46.765655517578125
-6.640336036682129
43.017024993896484
-2.327157735824585
43.393226623535156
50.70728302001953
49.415489196777344
-5.331904888153076
50.408260345458984
51.2024040222168
-12.588001251220703
40.905818939208984
45.627784729003906
45.666786193847656
44.506168365478516
-1.824241280555725
45.730953216552734
48.590599060058594
-6.9535040855407715
-4.755837917327881
45.222900390625
47.58280944824219
44.96851348876953
46.09982681274414
6.487860679626465
4.498483657836914
-5.839561462402344
3.529885768890381
49.67079162597656
47.91053009033203
46.39916229248047
28.146060943603516
44.90420150756836
-4.763579368591309
47.62848663330078
39.68195343017578
35.19853210449219
-7.615235328674316
43.80677032470703
-2.567493438720703
44.99303436279297
31.60929298400879
39.60775375366211
43.31161880493164
5.949219703674316
-4.62033748626709
30.346567153930664
27.61454200744629
48.73198318481445
26.492599487304688
29.74125099182129
26.45929718017578
1.4438236951828003
46.110260009765625
47.29234313964844
-4.881497383117676
51.31096267700195
51.396995544433594
2.71066951751709
-5.733409881591797
6.2788405418396
48.79078674316406
51.19441604614258
38.355403900146484
48.26000213623047
