51.63409423828125
-6.229755878448486
51.610816955566406
50.99110412597656
44.403724670410156
51.06078338623047
47.75437927246094
48.326072692871094
42.15366744995117
43.295169830322266
1.3355331420898438
45.619895935058594
-3.849294662475586
51.487464904785156
51.41291046142578
51.60478591918945
50.919151306152344
51.61884307861328
50.421688079833984
49.281036376953125
-3.5813565254211426
51.368072509765625
51.384925842285156
51.20935821533203
48.60951614379883
46.466617584228516
48.79606628417969
43.8453369140625
48.102108001708984
-0.7719622254371643
51.67000198364258
51.78825378417969
51.39039611816406
51.76829147338867
-3.697603940963745
51.869964599609375
51.89982604980469
51.72523498535156
46.71453857421875
51.76984405517578
51.80223083496094
51.7396125793457
51.827720642089844
48.10848617553711
50.07894515991211
46.93717575073242
50.07894515991211
10.772269248962402
1.3029475212097168
47.74052810668945
42.963279724121094
23.962724685668945
42.05573654174805
43.97786331176758
44.281837463378906
49.981201171875
49.37351608276367
-3.8241119384765625
48.132869720458984
44.09364318847656
41.6594123840332
43.92820739746094
21.63640785217285
46.367286682128906
17.823869705200195
47.790218353271484
47.998497009277344
47.097381591796875
-2.121511697769165
47.81822204589844
45.293243408203125
48.214111328125
50.34900665283203
0.5027220845222473
32.62715148925781
49.36149978637695
50.36454772949219
50.02572250366211
41.65911102294922
38.06598663330078
40.759613037109375
36.627750396728516
19.440988540649414
-5.559309959411621
-2.953996181488037
50.599609375
38.508644104003906
46.93742752075195
49.231327056884766
50.537872314453125
5.0410614013671875
47.20490646362305
28.83826446533203
48.9105110168457
47.643653869628906
49.92866516113281
43.08142852783203
42.160125732421875
40.66670227050781
41.77210998535156
42.93239974975586
-1.3002393245697021
42.73809814453125
38.617095947265625
42.087120056152344
43.18954086303711
42.50920486450195
-2.0619916915893555
38.748390197753906
-4.2090044021606445
14.500665664672852
30.386032104492188
40.39447784423828
30.116004943847656
17.931333541870117
-3.0070972442626953
19.033672332763672
19.79448127746582
18.241235733032227
18.93366241455078
-5.310999393463135
51.82921600341797
51.7144660949707
51.84622573852539
51.83060073852539
51.78961181640625
24.472400665283203
40.11233901977539
32.52404022216797
45.47571563720703
1.7193135023117065
34.6691780090332
-1.868669867515564
36.80137252807617
47.0281982421875
45.62716293334961
45.367393493652344
34.60249328613281
34.925621032714844
23.840044021606445
44.27784729003906
26.04800796508789
29.948087692260742
-5.77924919128418
4.452991485595703
26.962690353393555
10.358345985412598
-5.619296550750732
23.058805465698242
10.358345985412598
24.846437454223633
28.381240844726562
27.26028060913086
-0.012678198516368866
25.824060440063477
27.254484176635742
-6.761560916900635
40.06476593017578
44.43670654296875
46.477821350097656
9.087306022644043
27.875844955444336
47.275787353515625
16.700916290283203
46.73395538330078
47.275787353515625
47.275787353515625
52.01991271972656
49.39082336425781
-4.475624084472656
35.40972137451172
49.61374282836914
49.55197525024414
46.75537109375
2.5792675018310547
44.85123825073242
44.85123825073242
44.85123825073242
46.40955352783203
48.65426254272461
47.05376434326172
50.651268005371094
50.03012466430664
47.2238655090332
-6.948044776916504
50.70743942260742
50.09241485595703
50.09241485595703
51.555335998535156
4.975559234619141
51.39194107055664
51.383148193359375
39.55242156982422
47.60456466674805
46.994659423828125
35.25298309326172
-7.152965545654297
46.36411666870117
-6.033364295959473
15.104647636413574
33.265716552734375
33.159549713134766
23.874042510986328
9.778669357299805
50.722564697265625
50.184654235839844
50.52997970581055
50.184654235839844
50.184654235839844
-0.2662997245788574
36.61964416503906
35.29521179199219
35.771751403808594
34.799224853515625
-6.259626388549805
28.08302879333496
26.554841995239258
41.091552734375
39.620521545410156
50.909751892089844
-4.570735454559326
19.395671844482422
39.330726623535156
-5.665619373321533
23.40447425842285
47.75453186035156
39.738441467285156
34.62841033935547
47.04765319824219
48.842166900634766
49.37741470336914
41.16466522216797
-0.8563249707221985
46.02341842651367
45.18999099731445
45.626564025878906
37.923988342285156
38.95454788208008
-1.5037504434585571
36.585601806640625
50.77446746826172
51.47957229614258
47.72304153442383
-2.3809494972229004
51.44794464111328
51.47957229614258
51.376983642578125
51.955039978027344
29.964284896850586
51.957489013671875
52.0299186706543
51.914459228515625
15.052382469177246
42.81689453125
28.99566650390625
42.27315902709961
32.95732879638672
-9.313512802124023
50.24640655517578
-3.6411705017089844
50.72032928466797
50.24640655517578
46.90062713623047
50.27788543701172
14.6101713180542
21.294382095336914
10.068485260009766
38.21171569824219
-5.8522114753723145
37.98127746582031
23.682003021240234
21.817062377929688
21.009328842163086
18.777381896972656
22.58049201965332
-5.239671230316162
11.059173583984375
13.25747299194336
21.705495834350586
14.202725410461426
10.543420791625977
13.905670166015625
50.98202896118164
51.89533233642578
51.717811584472656
30.283159255981445
51.73888397216797
51.11343002319336
38.94568634033203
44.87537384033203
31.07749366760254
-2.836937427520752
33.05824661254883
27.56403160095215
25.59476661682129
12.790398597717285
32.465545654296875
28.839492797851562
-4.693687438964844
18.02646827697754
41.374717712402344
27.726423263549805
49.40658187866211
9.897130012512207
43.6025390625
32.7957878112793
35.1179313659668
35.786766052246094
43.68829345703125
12.274353981018066
42.361148834228516
41.1509895324707
3.9249932765960693
50.199920654296875
18.057260513305664
49.2883415222168
41.77592086791992
50.096824645996094
49.097084045410156
49.34232711791992
47.33311462402344
45.462257385253906
47.33248519897461
-2.7531566619873047
32.46361541748047
28.332984924316406
47.140777587890625
41.092742919921875
-0.8724158406257629
43.59237289428711
49.67201232910156
46.61123275756836
50.050933837890625
45.67756652832031
-4.113221645355225
44.77666473388672
50.52048873901367
3.518169403076172
51.215667724609375
50.600929260253906
49.466773986816406
50.18785858154297
-2.4024107456207275
30.954971313476562
40.57508850097656
45.26362228393555
40.114986419677734
43.471900939941406
38.080039978027344
17.379430770874023
35.496307373046875
44.82072448730469
-5.973656177520752
40.244972229003906
-4.790831089019775
48.16136169433594
50.678192138671875
40.96989822387695
50.08507537841797
49.556793212890625
51.18727493286133
50.212738037109375
49.3267822265625
51.31000518798828
7.004840850830078
45.03695297241211
21.558853149414062
14.37580394744873
18.048734664916992
-9.932087898254395
10.245512962341309
10.747743606567383
48.34261703491211
51.30366516113281
30.293977737426758
48.5563850402832
-5.081934928894043
51.616607666015625
33.38374328613281
22.844228744506836
2.4917032718658447
13.739113807678223
-9.21271800994873
45.4328727722168
45.91374588012695
41.026371002197266
36.171669006347656
38.74653244018555
-4.633863925933838
41.08771514892578
48.108070373535156
49.75379943847656
48.79281997680664
46.7266731262207
1.1261483430862427
47.46187973022461
49.338287353515625
50.770416259765625
50.860877990722656
50.50346755981445
50.71141052246094
-4.775032997131348
32.7625617980957
38.046688079833984
38.33521270751953
37.70937728881836
23.95842933654785
-9.07685661315918
-4.293198585510254
12.12462043762207
21.91453742980957
43.65892028808594
20.95879554748535
41.114845275878906
51.25254821777344
51.17855453491211
-2.094895362854004
51.41242980957031
51.46815872192383
51.54524612426758
27.798492431640625
19.303667068481445
-8.340821266174316
23.838886260986328
11.023106575012207
22.09088897705078
49.77727127075195
48.525108337402344
50.78540802001953
1.8946250677108765
15.521195411682129
49.797279357910156
50.53968811035156
50.045963287353516
51.466522216796875
3.518132448196411
50.03759765625
50.786964416503906
50.7237548828125
-6.852486610412598
39.50807189941406
39.661441802978516
36.3653678894043
29.70224380493164
36.5566291809082
-0.009736113250255585
35.606658935546875
51.00602722167969
42.183815002441406
37.287601470947266
51.8331298828125
51.714149475097656
51.70224380493164
3.417602062225342
51.63782501220703
51.49998474121094
48.028350830078125
46.07722091674805
46.80555725097656
46.13526916503906
46.77839660644531
-3.807544708251953
-8.308852195739746
51.66664123535156
50.33900451660156
51.51374816894531
50.30096435546875
50.30072021484375
2.572610378265381
50.107826232910156
49.72236633300781
50.79167938232422
49.72236633300781
50.22388458251953
46.296630859375
42.66264724731445
46.99483871459961
45.7735481262207
44.97021484375
-5.981259822845459
-1.5898762941360474
50.36085510253906
47.65043640136719
49.52245330810547
50.540931701660156
48.67312240600586
7.31807804107666
46.18290328979492
51.166847229003906
50.570472717285156
51.2917594909668
51.35628128051758
44.31499481201172
20.632761001586914
36.76737976074219
28.78359031677246
-4.239489555358887
27.42913246154785
29.601821899414062
3.764251470565796
13.78079891204834
27.34853172302246
-3.5248613357543945
33.44786071777344
51.785213470458984
51.55952072143555
51.66937255859375
51.389591217041016
-4.584323406219482
51.51520538330078
48.70387268066406
48.70387268066406
4.733333587646484
48.70387268066406
51.14472198486328
48.041221618652344
20.08564567565918
32.43773651123047
42.35100173950195
33.649513244628906
14.34681224822998
-0.6956852674484253
-4.451507091522217
44.78272247314453
47.278865814208984
44.078948974609375
35.884151458740234
47.0399169921875
46.919761657714844
47.80872344970703
0.1906135082244873
37.196266174316406
48.28123474121094
47.848018646240234
4.811091423034668
47.46255874633789
43.43853759765625
50.920570373535156
50.791351318359375
50.937652587890625
36.498294830322266
41.455074310302734
3.7249746322631836
40.04218292236328
39.639671325683594
39.639671325683594
50.35335159301758
50.73948669433594
50.381038665771484
-1.215377688407898
50.54325866699219
50.50283432006836
23.964445114135742
37.799644470214844
19.60589027404785
40.60961151123047
26.282625198364258
8.015634536743164
43.69247817993164
40.804771423339844
39.81277084350586
43.61212158203125
47.2026481628418
-7.099226474761963
37.094215393066406
11.495301246643066
34.9949951171875
42.84241485595703
45.02919387817383
33.868064880371094
-7.647498607635498
6.470700263977051
6.934822082519531
-0.6994631886482239
4.7087578773498535
10.92147159576416
36.688133239746094
-7.809843063354492
35.93901062011719
29.7310848236084
5.586630821228027
28.13215446472168
-3.001404285430908
51.402225494384766
51.050453186035156
47.51530456542969
48.168052673339844
50.50755310058594
37.794315338134766
-2.2820208072662354
39.199371337890625
45.80010986328125
46.24887466430664
6.495260238647461
