-5.773993968963623
44.47093963623047
36.108497619628906
51.157676696777344
33.612857818603516
23.517000198364258
38.913330078125
42.07175827026367
-4.67918062210083
25.805498123168945
26.489351272583008
15.685685157775879
20.954200744628906
21.56661033630371
18.325759887695312
47.24711608886719
29.8931827545166
51.669769287109375
47.512168884277344
42.188297271728516
-3.0940675735473633
44.00676727294922
50.528717041015625
46.138458251953125
34.39039611816406
28.452760696411133
21.80251121520996
18.749258041381836
18.779462814331055
49.4080696105957
16.2142276763916
-4.818432807922363
28.93722152709961
-4.313544750213623
28.15540885925293
51.16425323486328
34.02605438232422
18.870420455932617
31.631959915161133
35.06584167480469
23.742708206176758
-1.3443182706832886
27.00676155090332
35.79513931274414
31.271577835083008
51.485801696777344
42.92374038696289
31.515623092651367
29.34604263305664
24.889450073242188
-3.527003765106201
51.388694763183594
24.324234008789062
16.31749725341797
12.020286560058594
20.66979217529297
30.29670524597168
25.873266220092773
38.601837158203125
26.8868408203125
44.205657958984375
51.628509521484375
11.87602710723877
29.055400848388672
16.172189712524414
19.689346313476562
20.331079483032227
-6.494894027709961
-6.277402877807617
18.273916244506836
21.549638748168945
49.900665283203125
34.961849212646484
45.505889892578125
48.091758728027344
-2.35182523727417
43.20343017578125
30.03061866760254
35.403228759765625
51.345924377441406
47.32889175415039
51.682376861572266
48.76277542114258
36.610198974609375
47.5504150390625
47.11712646484375
23.646102905273438
21.250621795654297
35.64117431640625
45.877479553222656
44.272911071777344
51.874229431152344
-2.6061112880706787
47.65296173095703
43.04704666137695
45.42476272583008
-4.524771690368652
29.9597110748291
36.306175231933594
50.037254333496094
29.6389217376709
28.012632369995117
28.5262508392334
26.27540397644043
31.462953567504883
32.84345245361328
31.21984100341797
21.559377670288086
-6.284234046936035
49.060428619384766
37.763309478759766
24.226932525634766
35.16926574707031
39.71855926513672
28.625385284423828
-6.632358551025391
14.823530197143555
51.542724609375
42.55598449707031
31.862457275390625
37.6561279296875
43.101539611816406
49.75117111206055
28.569751739501953
49.24897384643555
51.527549743652344
47.257179260253906
-2.3667941093444824
26.364625930786133
31.453155517578125
34.6416015625
-2.542759895324707
16.425634384155273
51.16693115234375
20.10261344909668
10.485032081604004
-5.643790245056152
16.101381301879883
30.466726303100586
13.832992553710938
25.5788516998291
26.01036262512207
18.758909225463867
50.309532165527344
26.247507095336914
31.073177337646484
25.75193214416504
41.51561737060547
33.254878997802734
-8.16774845123291
30.249059677124023
50.8816032409668
21.058170318603516
25.02322769165039
7.1176347732543945
-2.1917827129364014
-4.604961395263672
51.48218536376953
22.440134048461914
40.37199783325195
30.498477935791016
50.70684051513672
36.695518493652344
34.154666900634766
31.19146156311035
27.00928497314453
-4.735138416290283
32.97842025756836
30.49967384338379
-6.484346389770508
31.948619842529297
19.481592178344727
29.73971939086914
39.5101318359375
24.03270149230957
49.3177375793457
1.7278324365615845
5.8158159255981445
6.930202960968018
26.343994140625
1.3538810014724731
51.331756591796875
1.0200161933898926
30.1704044342041
28.372360229492188
49.329769134521484
-3.737114429473877
22.64338493347168
38.05255889892578
30.56108283996582
32.75617980957031
14.933859825134277
19.376100540161133
50.64751434326172
-1.692569375038147
33.6696662902832
24.570276260375977
20.678129196166992
31.3891658782959
32.49370574951172
5.8017730712890625
48.94890213012695
23.076684951782227
13.230670928955078
4.463998794555664
31.49114418029785
17.68379783630371
19.429536819458008
27.944393157958984
24.678640365600586
-4.31742000579834
32.65713882446289
11.179396629333496
24.155508041381836
32.56626892089844
50.54875946044922
38.15369415283203
51.581947326660156
40.468048095703125
34.204856872558594
-1.6927077770233154
-5.388751029968262
47.194091796875
33.861732482910156
37.48077392578125
51.053924560546875
44.02090072631836
8.414464950561523
38.59354782104492
17.503087997436523
36.665645599365234
42.41121292114258
3.9333505630493164
25.499361038208008
31.76137351989746
36.502037048339844
21.190752029418945
50.91714859008789
23.309602737426758
25.651338577270508
37.292030334472656
30.179445266723633
28.418317794799805
-3.8108925819396973
35.17436981201172
51.79039001464844
27.860435485839844
38.56254577636719
46.88454055786133
50.89013671875
13.370285987854004
52.007843017578125
35.47132873535156
-1.0225167274475098
37.723392486572266
18.957857131958008
-4.900806427001953
26.10634994506836
45.85359191894531
51.846717834472656
25.14177131652832
23.59522247314453
42.77082061767578
41.77394485473633
41.96031188964844
22.793237686157227
34.742820739746094
50.0971794128418
-7.194313049316406
27.926042556762695
37.55707931518555
24.97637367248535
25.6268253326416
43.821929931640625
33.97819519042969
33.79608917236328
44.84183883666992
51.926021575927734
-5.536632537841797
46.93381118774414
27.859914779663086
30.484272003173828
38.859066009521484
51.05510330200195
-7.643087387084961
23.373891830444336
18.69443702697754
29.192895889282227
-7.0645976066589355
29.80027961730957
28.660171508789062
50.810089111328125
39.241859436035156
26.333984375
27.413591384887695
35.804019927978516
28.231008529663086
20.560157775878906
24.827531814575195
22.831424713134766
23.72380256652832
34.2110710144043
-5.12722635269165
49.46764373779297
39.035072326660156
18.652936935424805
36.044044494628906
50.70025634765625
38.58244323730469
38.52368927001953
-5.524904727935791
13.386812210083008
30.807462692260742
50.30210494995117
-5.542459487915039
32.75570297241211
31.1549015045166
28.75663948059082
33.52368927001953
32.0462646484375
10.040755271911621
6.452478885650635
10.371628761291504
-1.7524996995925903
15.393099784851074
50.97099685668945
18.625036239624023
9.611337661743164
-1.423474669456482
25.224042892456055
18.16634178161621
51.802879333496094
24.432424545288086
1.5070223808288574
22.94188117980957
0.40677136182785034
24.436695098876953
47.74693298339844
31.867006301879883
4.451447486877441
23.491514205932617
33.33374786376953
-7.140859603881836
32.5338020324707
49.054622650146484
51.671730041503906
50.44770812988281
48.88150405883789
45.63510513305664
-1.3564561605453491
45.76362609863281
46.365325927734375
10.14123249053955
47.6015625
11.356422424316406
26.326507568359375
-4.069324016571045
16.782236099243164
7.9654645919799805
20.570947647094727
8.187614440917969
-6.775051116943359
19.19120216369629
50.266944885253906
12.909955024719238
20.247751235961914
17.96912956237793
14.311626434326172
45.59262466430664
48.31318664550781
42.05113983154297
44.172393798828125
-1.9480787515640259
21.991540908813477
45.92176055908203
51.936798095703125
42.86162567138672
47.74694061279297
49.706153869628906
51.854610443115234
5.357922554016113
43.952022552490234
46.54740905761719
39.022605895996094
-3.2842907905578613
-3.00105357170105
30.729116439819336
49.030067443847656
16.9714298248291
11.979852676391602
21.793882369995117
16.148984909057617
24.75251579284668
43.54212188720703
23.344661712646484
21.770063400268555
21.57362937927246
-6.426479816436768
26.5103702545166
-0.9998070597648621
38.872215270996094
16.344175338745117
37.5574951171875
-3.3875784873962402
22.995479583740234
43.03337478637695
26.575422286987305
51.666709899902344
24.476438522338867
50.78077697753906
21.165063858032227
31.809362411499023
19.973726272583008
26.755281448364258
-2.319124698638916
9.07336711883545
45.66301727294922
51.54412841796875
33.466033935546875
-4.382620334625244
4.178319454193115
39.046241760253906
27.430238723754883
0.5378143787384033
45.18318176269531
42.5798454284668
46.224517822265625
45.113487243652344
42.90253448486328
34.6619873046875
-3.11552095413208
51.128143310546875
23.44951057434082
50.393795013427734
17.789405822753906
-4.951108932495117
17.351858139038086
26.43585777282715
15.014971733093262
20.09481430053711
-5.706120491027832
35.63958740234375
37.69367980957031
36.54977035522461
31.66514778137207
37.440513610839844
38.410972595214844
50.66783142089844
49.883338928222656
21.761552810668945
47.16054153442383
49.517669677734375
47.613502502441406
49.56858825683594
5.674500942230225
51.91266632080078
25.837188720703125
50.01324462890625
18.36423110961914
-4.270905017852783
31.009077072143555
20.906105041503906
33.936119079589844
35.525474548339844
26.755937576293945
9.249733924865723
25.360578536987305
50.2793083190918
24.495100021362305
24.16752052307129
-6.396450996398926
17.28324317932129
-3.4110023975372314
17.538410186767578
28.640674591064453
51.360042572021484
18.759504318237305
17.6027889251709
34.98184585571289
34.23235321044922
49.705257415771484
50.01974868774414
49.72404479980469
51.93864440917969
49.74266815185547
50.116241455078125
48.318511962890625
-1.887394666671753
17.981107711791992
15.863184928894043
38.1528205871582
-7.564924240112305
26.847272872924805
50.24614334106445
29.332977294921875
21.93489646911621
30.396730422973633
-1.85805082321167
31.611770629882812
21.051023483276367
28.499696731567383
48.23595428466797
31.2203311920166
20.51250648498535
-6.343791961669922
28.507478713989258
-1.596230387687683
31.40774154663086
20.845739364624023
47.94139862060547
22.336864471435547
-2.515021800994873
17.2896785736084
23.18467140197754
-4.481414794921875
24.07147789001465
20.10068130493164
31.56049346923828
30.46320915222168
50.38090133666992
14.960442543029785
49.642730712890625
17.307588577270508
-5.189578533172607
18.02809715270996
15.281295776367188
23.10893440246582
17.957639694213867
31.703161239624023
46.63139343261719
33.6456298828125
34.11857223510742
36.902591705322266
-8.422300338745117
35.301082611083984
28.921838760375977
38.19527053833008
40.059783935546875
24.149614334106445
39.648780822753906
32.87788772583008
51.446189880371094
44.96685791015625
-3.190166473388672
40.67413330078125
40.04417037963867
14.868741989135742
-6.839299201965332
7.223526954650879
9.719609260559082
33.819305419921875
50.363258361816406
39.47621536254883
38.60640335083008
40.7924690246582
51.36331558227539
-3.941226005554199
34.737274169921875
43.67074966430664
28.297136306762695
26.372379302978516
-1.2122596502304077
12.397074699401855
21.190134048461914
21.46183204650879
16.063039779663086
17.337244033813477
44.99691390991211
19.950180053710938
51.153961181640625
36.4049072265625
43.638160705566406
-4.646332263946533
32.254737854003906
34.134437561035156
38.77243423461914
47.64678955078125
41.11149215698242
3.9945411682128906
46.2089729309082
26.734556198120117
46.622764587402344
32.36152648925781
51.78166961669922
38.295108795166016
50.97352600097656
29.969295501708984
-5.726754188537598
41.39816665649414
35.03909683227539
31.021638870239258
41.105831146240234
31.65199851989746
35.954261779785156
26.11679458618164
23.880809783935547
6.283522605895996
31.224002838134766
30.30797004699707
50.11326599121094
37.16787338256836
39.89570236206055
40.30760192871094
37.858489990234375
35.03667449951172
50.64259719848633
-4.422029495239258
29.788156509399414
38.550376892089844
25.80995750427246
-2.8142666816711426
51.120140075683594
-3.8874144554138184
37.12741470336914
-2.2120039463043213
33.90575408935547
46.792842864990234
37.90487289428711
45.2701416015625
51.61666488647461
33.55439758300781
-3.9650087356567383
43.47833251953125
47.092498779296875
-8.080835342407227
29.104501724243164
30.937801361083984
33.667205810546875
29.484619140625
50.42576217651367
35.182491302490234
36.37871170043945
46.219696044921875
44.247344970703125
44.61467361450195
41.67731475830078
-5.156578063964844
38.627777099609375
42.59599304199219
51.672019958496094
22.67184829711914
18.20914649963379
21.93048095703125
50.23957824707031
20.91889190673828
21.3609561920166
33.273658752441406
-5.243523120880127
30.241899490356445
49.9327392578125
-4.980279922485352
32.046504974365234
16.92461585998535
14.622100830078125
27.697580337524414
17.31661605834961
35.07794189453125
51.52830123901367
30.718358993530273
25.560319900512695
20.815061569213867
43.74322509765625
41.454437255859375
-4.662625312805176
43.512611389160156
-9.8909273147583
11.406515121459961
13.764788627624512
22.297470092773438
50.85466003417969
12.189520835876465
18.85597038269043
25.269792556762695
-5.510907173156738
42.036865234375
51.235618591308594
37.921241760253906
29.617063522338867
24.628589630126953
22.550579071044922
29.950063705444336
36.153350830078125
29.015729904174805
51.678504943847656
19.45244026184082
-4.680659294128418
25.345788955688477
43.99594497680664
18.455167770385742
27.76069450378418
25.5513858795166
9.04174518585205
15.937405586242676
49.470489501953125
17.211685180664062
-0.7878828644752502
43.92997741699219
38.66310119628906
44.59838104248047
44.93482971191406
35.917510986328125
-1.8683890104293823
40.237998962402344
50.843055725097656
17.41727638244629
50.287384033203125
26.67310905456543
19.67096519470215
31.12592315673828
35.69146728515625
-6.625007629394531
29.57094955444336
10.691741943359375
5.41226863861084
12.167444229125977
49.19826126098633
11.097506523132324
17.745275497436523
5.518749237060547
-6.066410541534424
16.793954849243164
13.144200325012207
8.390633583068848
50.94104766845703
14.406768798828125
8.634934425354004
9.90077018737793
-4.710238456726074
43.636505126953125
47.85487365722656
48.95532989501953
44.16788101196289
41.013145446777344
-8.388541221618652
32.0974235534668
51.12165832519531
31.07552719116211
13.907597541809082
-2.2940051555633545
4.005539894104004
18.58674430847168
17.250308990478516
30.164045333862305
50.0859260559082
34.78953552246094
38.754573822021484
36.543739318847656
50.21128845214844
22.838829040527344
36.027854919433594
-3.851271629333496
41.74120330810547
41.333229064941406
-5.10729455947876
42.788700103759766
7.8374810218811035
-3.555241107940674
40.211605072021484
9.977702140808105
51.55927658081055
9.862874031066895
49.26722717285156
21.240488052368164
-1.1385724544525146
24.053930282592773
13.034650802612305
4.279415607452393
24.36640167236328
2.4379959106445312
7.919755935668945
19.897367477416992
25.953767776489258
-5.875810623168945
51.41484832763672
15.294107437133789
27.79570198059082
36.45074462890625
38.20940399169922
-2.7285494804382324
51.444419860839844
37.56303405761719
36.45074462890625
4.796761512756348
33.77715301513672
26.529367446899414
-1.1013758182525635
16.52033805847168
25.233509063720703
21.471078872680664
10.794206619262695
22.37788200378418
48.462738037109375
