-0.17145419120788574
21.828706741333008
38.97213363647461
29.850299835205078
-1.2808254957199097
51.7713623046875
15.31142520904541
51.762027740478516
41.40800094604492
43.09013366699219
44.50200653076172
49.73394012451172
51.370418548583984
50.84285354614258
14.98098087310791
35.360050201416016
35.679195404052734
51.897544860839844
50.592369079589844
51.91493225097656
51.12330627441406
10.9553861618042
45.44286346435547
50.359962463378906
-0.9168880581855774
47.36288833618164
48.68289566040039
51.49354553222656
48.67176818847656
47.28260803222656
6.949027061462402
-1.8906753063201904
17.26277732849121
51.13928985595703
21.753650665283203
19.67449951171875
48.003299713134766
51.9511833190918
50.241455078125
48.10028076171875
44.94216537475586
45.29721450805664
20.59937858581543
49.90666580200195
48.956268310546875
51.74037551879883
8.932965278625488
38.71601486206055
26.010744094848633
46.678749084472656
46.646095275878906
35.73981475830078
48.16387939453125
51.478858947753906
21.6403865814209
51.421634674072266
22.203250885009766
16.007020950317383
-2.8230795860290527
33.97569274902344
46.744808197021484
50.473812103271484
51.01005554199219
20.019128799438477
50.93645095825195
52.01012420654297
50.482017517089844
51.86396408081055
50.826576232910156
-1.1915360689163208
51.13493347167969
50.40522766113281
11.425312042236328
49.8318977355957
49.675567626953125
49.65287780761719
21.523000717163086
51.934593200683594
42.84333801269531
40.79304122924805
27.096778869628906
50.560916900634766
43.742088317871094
0.8557180762290955
43.266334533691406
51.11613464355469
44.36024475097656
46.326438903808594
46.55734634399414
-7.21367073059082
46.5021858215332
51.938926696777344
41.626670837402344
49.57184982299805
3.3575446605682373
29.135318756103516
42.55933380126953
51.589111328125
34.61480712890625
32.743125915527344
8.19698429107666
40.71739959716797
-2.630384683609009
19.2978458404541
27.164716720581055
48.730690002441406
11.03804874420166
29.740453720092773
20.34355926513672
46.57666778564453
-1.6005388498306274
41.064151763916016
40.351112365722656
51.799076080322266
39.61314392089844
42.215492248535156
39.56715393066406
19.861709594726562
-2.8852806091308594
51.7037353515625
25.250131607055664
16.475595474243164
43.06863021850586
51.63650131225586
3.3062095642089844
42.27265167236328
45.54791259765625
16.173311233520508
33.17209243774414
51.62497329711914
43.76951599121094
-4.862544059753418
36.40480041503906
48.051490783691406
-2.0212748050689697
51.84245300292969
5.2297163009643555
37.896400451660156
23.42410659790039
22.585947036743164
2.9077248573303223
5.937625885009766
26.38966178894043
46.783935546875
45.23957824707031
13.15427303314209
50.20873260498047
51.90873336791992
44.6725959777832
40.24274826049805
37.127471923828125
51.4575080871582
44.69355392456055
33.886077880859375
20.593122482299805
35.86024856567383
12.204094886779785
51.89949417114258
-1.9596352577209473
45.60552978515625
24.96819305419922
1.1266993284225464
9.877057075500488
51.894248962402344
34.42234802246094
46.826148986816406
45.202484130859375
47.55739212036133
46.806636810302734
0.4152924418449402
50.826316833496094
51.91756057739258
27.237932205200195
49.715660095214844
44.287574768066406
44.6973876953125
41.241973876953125
27.185972213745117
39.308773040771484
51.182350158691406
48.73442840576172
45.55906677246094
2.8899827003479004
30.53240203857422
45.636749267578125
51.87321472167969
-0.9325612783432007
26.40830421447754
16.998323440551758
51.712669372558594
12.829671859741211
20.81924819946289
47.10236740112305
46.83575439453125
46.4171028137207
51.89649200439453
40.92250061035156
6.1070451736450195
18.819202423095703
18.408864974975586
13.708455085754395
9.672232627868652
18.919252395629883
48.379981994628906
51.405555725097656
50.47289276123047
45.96720886230469
48.669532775878906
1.286948561668396
51.94812774658203
1.3495678901672363
46.87299728393555
29.9189510345459
31.930883407592773
27.453908920288086
29.138126373291016
-5.890842437744141
30.136516571044922
16.09955406188965
47.28416442871094
15.241795539855957
14.51605224609375
-4.27780818939209
51.32981491088867
31.519975662231445
32.073387145996094
31.716184616088867
2.603578805923462
35.9608154296875
30.67377281188965
26.47614288330078
51.411685943603516
26.812705993652344
-1.4235531091690063
32.529563903808594
48.87701416015625
10.283926963806152
23.718536376953125
24.5136775970459
-2.6696293354034424
35.70716857910156
25.73381996154785
49.59897994995117
51.47040557861328
18.081636428833008
51.95603942871094
-2.7521486282348633
33.00383377075195
2.4961047172546387
27.275571823120117
45.705135345458984
51.643455505371094
36.877532958984375
50.439903259277344
24.60951805114746
-4.149816513061523
37.153202056884766
44.070945739746094
35.97278594970703
26.38503074645996
18.72230339050293
42.60348129272461
-2.0129475593566895
51.68492889404297
43.71765899658203
51.479644775390625
43.76612854003906
8.39942455291748
31.044267654418945
38.203163146972656
11.093545913696289
51.272579193115234
23.792375564575195
33.682987213134766
39.42583465576172
-0.40269047021865845
49.683658599853516
0.005149669945240021
50.334129333496094
48.328369140625
10.54988956451416
51.9793815612793
10.74643611907959
49.491058349609375
39.47625732421875
51.979591369628906
44.33203887939453
47.419715881347656
39.193328857421875
51.7977180480957
4.513478755950928
45.45000076293945
26.78257179260254
22.686857223510742
38.06789016723633
49.251014709472656
23.367938995361328
2.7874135971069336
0.42424559593200684
33.34889602661133
42.037513732910156
10.952645301818848
20.00069236755371
48.46746063232422
43.08989715576172
51.688987731933594
33.78004837036133
50.56153106689453
24.686424255371094
30.051225662231445
7.53268575668335
28.634939193725586
28.382230758666992
-1.2383270263671875
25.82999610900879
48.57376480102539
31.42653465270996
51.38347244262695
5.813292503356934
37.15190124511719
45.32014465332031
42.886940002441406
35.821224212646484
50.952537536621094
30.067922592163086
26.19407081604004
35.96209716796875
51.016178131103516
27.756837844848633
10.41765308380127
-0.7782228589057922
51.04838180541992
31.968950271606445
44.95484924316406
47.686424255371094
39.310707092285156
48.05245590209961
51.967071533203125
41.43534851074219
4.617257595062256
17.74172019958496
47.85437774658203
30.407907485961914
46.167701721191406
-2.5144379138946533
47.091827392578125
39.28757858276367
51.780094146728516
0.8376545310020447
39.15610885620117
34.71845245361328
42.4964714050293
1.223490595817566
51.499656677246094
51.084815979003906
41.200279235839844
50.83032989501953
51.94059753417969
50.241058349609375
44.49903869628906
42.22142791748047
51.52992248535156
49.48810577392578
42.233001708984375
50.33137512207031
51.97796630859375
-3.9722986221313477
25.343740463256836
17.29937171936035
48.5565071105957
7.470465660095215
6.4244842529296875
49.496238708496094
51.95491027832031
-0.7097766995429993
49.486663818359375
28.33131217956543
47.18047332763672
10.679079055786133
19.449975967407227
10.06689167022705
51.30068588256836
-5.225625038146973
-0.48049426078796387
32.14855194091797
-0.9286418557167053
34.59161376953125
50.839595794677734
42.20542907714844
37.942745208740234
41.57664489746094
-4.161565780639648
46.851783752441406
42.77320861816406
44.43914794921875
51.50152587890625
27.478248596191406
24.38018035888672
-0.7103273272514343
43.496917724609375
29.493656158447266
48.59486389160156
45.8859977722168
48.94456481933594
44.50403594970703
49.30000686645508
-1.3499308824539185
51.64134979248047
45.602352142333984
-3.57412052154541
37.26995849609375
34.72844314575195
29.684412002563477
50.82170486450195
45.93024444580078
51.07783508300781
28.38309097290039
-3.422173023223877
43.734920501708984
45.9286994934082
34.73515319824219
14.911870956420898
27.125242233276367
7.400313377380371
25.62425422668457
50.39988327026367
-2.024179458618164
46.01839828491211
48.429893493652344
51.773040771484375
35.65635681152344
46.709930419921875
37.95526885986328
51.780921936035156
-4.979126930236816
48.80531311035156
47.31974792480469
45.28599548339844
-5.788273334503174
35.770355224609375
46.05684280395508
51.482574462890625
42.53668212890625
31.475337982177734
34.97406005859375
51.031028747558594
32.46847152709961
18.48664665222168
39.90608215332031
-4.896152496337891
-4.741444110870361
44.38090896606445
43.87751388549805
43.98540496826172
48.13275909423828
51.55976104736328
46.981651306152344
-1.6796623468399048
43.4989013671875
51.533607482910156
29.478424072265625
43.5076789855957
47.48767852783203
51.96099853515625
48.967586517333984
49.176490783691406
44.17631530761719
8.65678882598877
13.158541679382324
-2.6179280281066895
45.305850982666016
51.065521240234375
12.66439151763916
9.70000171661377
47.984405517578125
50.086002349853516
51.14713668823242
50.35713577270508
7.4308085441589355
51.882572174072266
0.05853528529405594
50.240970611572266
48.54437255859375
51.81985855102539
44.96300506591797
51.2424201965332
48.75152587890625
46.299625396728516
-0.5786240100860596
51.64190673828125
24.418439865112305
29.87337303161621
40.19186019897461
51.952354431152344
5.202076435089111
31.53225326538086
47.21058654785156
32.332115173339844
8.509495735168457
50.2799072265625
36.269187927246094
-6.356133937835693
14.905318260192871
4.2063164710998535
23.524059295654297
46.2706298828125
47.19993209838867
50.48545837402344
48.42921447753906
51.61531066894531
43.40678787231445
51.91980743408203
3.4226202964782715
44.152130126953125
34.855194091796875
20.022418975830078
-1.5432285070419312
33.14584732055664
28.353723526000977
50.739158630371094
38.82781982421875
42.70520782470703
49.985389709472656
51.72498321533203
47.24985122680664
-2.2034289836883545
48.768856048583984
32.32251739501953
30.648637771606445
50.67184066772461
30.877437591552734
-5.293604850769043
24.232316970825195
38.71965026855469
8.032571792602539
51.33149719238281
31.736719131469727
10.481070518493652
0.1793055534362793
9.804614067077637
13.636804580688477
19.18150520324707
20.722688674926758
4.418646812438965
-6.648527145385742
51.528018951416016
-4.805731773376465
51.510414123535156
18.02690315246582
41.71258544921875
45.382755279541016
29.73859214782715
41.777549743652344
2.302690029144287
35.90890121459961
50.271766662597656
47.76763916015625
51.885101318359375
44.19933319091797
49.073158264160156
-3.005988121032715
46.3026008605957
49.825042724609375
51.359798431396484
35.48317337036133
51.87486267089844
23.98176383972168
49.26458740234375
1.4061903953552246
40.28571701049805
18.198148727416992
50.42314529418945
26.577795028686523
3.6780526638031006
0.8985874652862549
9.897216796875
40.76945495605469
-1.9040746688842773
33.47289276123047
36.714576721191406
45.80978012084961
51.53328323364258
35.21265411376953
51.981231689453125
8.0546293258667
31.457063674926758
8.113633155822754
49.908607482910156
25.931652069091797
46.803401947021484
37.23030471801758
6.790699005126953
50.902366638183594
51.93064880371094
