-3.2054710388183594
36.084957122802734
44.02893829345703
44.66925811767578
46.758514404296875
43.081295013427734
42.09529495239258
44.75592803955078
25.244924545288086
1.918160080909729
43.10216522216797
46.91292953491211
0.21096932888031006
35.106964111328125
49.31352615356445
48.65617370605469
49.75300979614258
49.32522964477539
49.66238784790039
7.723628044128418
50.08384323120117
48.27946853637695
38.467041015625
48.55034255981445
46.24500274658203
48.34441375732422
46.76470947265625
46.09764862060547
32.762115478515625
42.03038787841797
46.11994552612305
44.619781494140625
46.73822784423828
40.22343444824219
43.17888641357422
11.022136688232422
49.246742248535156
45.868064880371094
34.89286804199219
30.471895217895508
47.06133270263672
49.94012451171875
47.57162094116211
38.59080123901367
48.297874450683594
23.67105484008789
47.93113327026367
50.577449798583984
30.45539093017578
20.56354331970215
47.90423583984375
47.009281158447266
44.8635139465332
1.149690866470337
15.927973747253418
38.23291015625
32.422508239746094
49.808494567871094
50.60261535644531
50.34495544433594
46.45947265625
39.44331359863281
47.642887115478516
27.497549057006836
32.86738586425781
42.24286651611328
46.121826171875
32.92750549316406
34.21949768066406
27.606382369995117
36.495384216308594
27.393232345581055
36.68271255493164
41.438720703125
20.606048583984375
43.19233703613281
26.64920997619629
39.60115432739258
37.357032775878906
32.63116455078125
38.17770004272461
32.52029800415039
20.155630111694336
-5.166827201843262
-3.5818777084350586
48.94169616699219
44.630523681640625
44.81029510498047
49.00125503540039
47.26847457885742
43.19002151489258
42.18141174316406
48.82021713256836
5.763139724731445
48.787078857421875
42.089080810546875
17.66956901550293
24.70403480529785
1.6884069442749023
33.429237365722656
33.657989501953125
20.882246017456055
-0.3167034387588501
46.15230941772461
45.79487609863281
39.20939636230469
45.75342559814453
46.364036560058594
-3.1151814460754395
48.2303581237793
46.265098571777344
37.537498474121094
34.192298889160156
34.78018569946289
49.43287658691406
38.921600341796875
5.396108627319336
27.977209091186523
47.5980224609375
48.506587982177734
50.812503814697266
23.62811851501465
50.80345153808594
51.311668395996094
50.8704833984375
50.80767059326172
6.192652702331543
36.06158447265625
35.1132926940918
29.836137771606445
26.836118698120117
44.20404052734375
29.516950607299805
29.186004638671875
24.03415870666504
-3.37740421295166
23.567550659179688
11.624686241149902
34.942222595214844
-5.46107292175293
31.42376136779785
43.630802154541016
31.155826568603516
35.4140510559082
39.815914154052734
48.65009689331055
48.441219329833984
48.205177307128906
45.60693359375
22.57982635498047
37.888397216796875
43.025150299072266
11.653332710266113
31.103971481323242
40.673301696777344
39.726409912109375
28.815168380737305
14.32532787322998
39.453392028808594
-5.880699157714844
20.80883026123047
18.651113510131836
11.437167167663574
31.3133602142334
37.02629089355469
30.394201278686523
42.002960205078125
40.1280403137207
49.8065185546875
49.29066467285156
48.977394104003906
16.961994171142578
46.86656951904297
46.403785705566406
35.894248962402344
43.51228332519531
32.33258819580078
9.964305877685547
10.510869026184082
36.416709899902344
9.973055839538574
49.360130310058594
44.33601379394531
46.70655822753906
50.68854522705078
46.70655822753906
35.80618667602539
35.121246337890625
5.610071659088135
34.87509536743164
20.230581283569336
25.13580894470215
43.120609283447266
45.44681930541992
3.7798407077789307
40.534584045410156
39.35749053955078
36.67499542236328
12.14175033569336
14.825582504272461
7.318622589111328
-4.443800926208496
8.968693733215332
13.220404624938965
15.990021705627441
46.46872329711914
44.664581298828125
39.454593658447266
46.6523551940918
40.00602722167969
36.41029357910156
0.1743025779724121
47.68791198730469
41.595096588134766
47.149314880371094
48.851680755615234
46.42826461791992
45.037940979003906
47.566184997558594
43.474937438964844
26.761777877807617
-1.9650927782058716
37.65562438964844
36.275123596191406
42.91358947753906
46.77925491333008
45.414817810058594
-2.962996006011963
41.00092315673828
26.46006965637207
9.086621284484863
34.28643798828125
26.73137855529785
31.349088668823242
41.719276428222656
37.354393005371094
3.663205623626709
37.974979400634766
41.74424743652344
36.18927001953125
35.362693786621094
35.17088317871094
43.46349334716797
42.180599212646484
0.13303804397583008
36.60111618041992
47.23970413208008
43.207069396972656
45.907161712646484
47.23970413208008
37.356666564941406
44.85259246826172
23.36980628967285
25.3610897064209
12.472346305847168
9.296239852905273
0.5708929896354675
23.214065551757812
46.099029541015625
47.602909088134766
42.169456481933594
39.66522979736328
47.15350341796875
5.00410795211792
17.680721282958984
1.142950177192688
27.402254104614258
39.05581283569336
22.50775718688965
24.241777420043945
34.20466613769531
-3.337758779525757
35.08182144165039
36.66053009033203
35.65076446533203
34.926231384277344
37.258609771728516
-1.8026232719421387
32.162994384765625
26.281923294067383
37.596961975097656
29.5748348236084
2.7698607444763184
47.2449951171875
50.10439682006836
43.795867919921875
50.60575485229492
49.730201721191406
34.57164764404297
32.90363693237305
37.522705078125
45.87425231933594
1.5740574598312378
22.38393211364746
4.507990837097168
7.083457946777344
12.327834129333496
13.092864990234375
-4.214258193969727
9.238041877746582
41.49254608154297
42.66680145263672
-1.744049310684204
41.21253204345703
45.8494758605957
41.812744140625
17.894960403442383
36.535037994384766
25.44196128845215
5.985537528991699
23.671619415283203
13.725141525268555
47.53763961791992
19.905521392822266
43.85973358154297
46.20724868774414
47.48954772949219
6.5220537185668945
34.91319274902344
25.9743709564209
26.004648208618164
29.468542098999023
-2.841520309448242
35.109046936035156
28.343740463256836
23.44740104675293
26.90193748474121
36.27579116821289
10.882088661193848
23.127073287963867
43.5382080078125
49.37305450439453
38.55850601196289
28.61247444152832
48.260894775390625
-0.3651816248893738
46.214317321777344
46.466041564941406
37.57241439819336
47.512271881103516
29.0756778717041
33.551509857177734
40.153892517089844
28.33341407775879
25.42866325378418
13.866111755371094
-2.279578685760498
8.631463050842285
24.7748966217041
-3.540329933166504
32.46233367919922
-2.8890395164489746
21.72568130493164
38.3311767578125
43.961639404296875
41.44812774658203
3.0752413272857666
45.235694885253906
32.93833923339844
46.990989685058594
49.783042907714844
1.6454046964645386
50.070892333984375
50.92509460449219
41.88252639770508
48.96329116821289
-3.0323259830474854
8.199902534484863
14.282265663146973
11.612128257751465
12.73145580291748
7.1702070236206055
12.53566837310791
40.21290588378906
8.664108276367188
34.77275848388672
18.67879295349121
17.2185001373291
-6.686124801635742
35.549964904785156
17.280363082885742
24.516489028930664
38.0722541809082
13.796178817749023
12.932341575622559
-0.9261206984519958
29.764331817626953
28.826723098754883
29.867839813232422
27.871191024780273
48.873565673828125
47.9315299987793
47.87711715698242
46.44866943359375
-4.435330390930176
46.24647521972656
37.568607330322266
40.1403694152832
-3.5249428749084473
39.14576721191406
42.32483673095703
42.243255615234375
51.421119689941406
50.16603088378906
-3.796454429626465
50.879722595214844
49.666160583496094
15.227728843688965
3.641315221786499
18.782777786254883
22.087751388549805
25.267724990844727
-4.832259178161621
12.908626556396484
-1.187522053718567
45.32247543334961
46.94160461425781
48.493370056152344
42.501739501953125
43.5235481262207
24.225383758544922
27.126089096069336
4.063709735870361
34.56155014038086
38.6679573059082
38.85300827026367
2.371087074279785
31.26299476623535
7.146626949310303
33.72936248779297
33.81439971923828
38.902034759521484
37.40737533569336
39.81819152832031
44.3355712890625
26.524551391601562
13.274024963378906
39.7617301940918
15.96650218963623
-6.818822860717773
22.54546546936035
31.181419372558594
8.8761625289917
38.180938720703125
23.967281341552734
5.386883735656738
15.859853744506836
12.525191307067871
10.200241088867188
31.80801010131836
24.726184844970703
11.852629661560059
8.582845687866211
23.28061866760254
18.57836151123047
28.952489852905273
49.41047668457031
43.35614776611328
48.272239685058594
2.4863440990448
47.45471954345703
45.93499755859375
26.785226821899414
36.144222259521484
44.92073059082031
45.41477966308594
28.639171600341797
47.31939697265625
-3.8371059894561768
40.398502349853516
12.245076179504395
37.247093200683594
13.610323905944824
28.734621047973633
5.219856262207031
33.4703483581543
34.530006408691406
26.314699172973633
46.648616790771484
44.93487548828125
41.2414436340332
29.01099395751953
40.84703826904297
40.74819564819336
5.83564567565918
41.942710876464844
49.73417663574219
49.59938430786133
17.345251083374023
46.55380630493164
49.245784759521484
36.02709197998047
26.0598087310791
33.05219268798828
30.97335433959961
5.225030899047852
28.745058059692383
30.199016571044922
26.680641174316406
0.7830649018287659
19.490833282470703
21.671472549438477
18.47038459777832
20.695768356323242
-5.253266334533691
49.24778747558594
49.373779296875
48.71613311767578
48.21857452392578
48.55803298950195
37.604793548583984
37.510868072509766
33.483150482177734
39.19144058227539
39.80160903930664
6.736588954925537
26.353254318237305
31.42818832397461
-4.286115646362305
26.19740104675293
34.10064697265625
40.44375228881836
8.017395973205566
43.80812454223633
49.23789978027344
48.548095703125
27.633750915527344
41.3347053527832
38.055023193359375
35.21775817871094
7.863055229187012
42.59605026245117
44.638954162597656
44.64610290527344
43.90271759033203
31.69639778137207
30.298233032226562
44.42205047607422
37.259178161621094
7.234744548797607
33.14421844482422
29.582944869995117
31.199033737182617
1.5416916608810425
34.45618438720703
24.292577743530273
42.21649169921875
40.97040557861328
43.00236129760742
45.857696533203125
1.7027710676193237
47.08809280395508
22.763246536254883
23.277223587036133
33.07514572143555
26.201801300048828
0.1671391725540161
29.933990478515625
45.69841003417969
49.879966735839844
49.39781188964844
4.249908924102783
50.28680419921875
48.01615905761719
50.408138275146484
36.90253829956055
49.69806671142578
6.7844977378845215
-4.349573612213135
42.50355529785156
1.0289267301559448
10.496099472045898
19.6060848236084
7.5520710945129395
14.13533878326416
9.429304122924805
-4.4528279304504395
48.12809371948242
39.06034469604492
47.5645637512207
43.42893600463867
46.29583740234375
-4.5643696784973145
9.489716529846191
21.490896224975586
35.830745697021484
7.759779930114746
37.12532043457031
37.3742561340332
30.6978702545166
-4.70088005065918
27.80060386657715
35.092777252197266
7.2653889656066895
