49.61962127685547
50.54035186767578
43.6728401184082
-5.513591766357422
46.789955139160156
51.94743347167969
-4.024026870727539
51.826786041259766
45.568572998046875
47.21669387817383
19.006837844848633
40.206695556640625
46.92039489746094
50.40190124511719
50.17583084106445
50.626949310302734
-4.3938798904418945
51.84773635864258
20.331920623779297
48.06086730957031
51.77629089355469
51.257118225097656
-2.1550376415252686
52.03990173339844
44.8959846496582
51.73139190673828
45.499290466308594
-5.950434684753418
41.880218505859375
46.49658203125
47.300933837890625
-4.735551834106445
46.9650764465332
51.982582092285156
49.78542709350586
42.33271408081055
37.124412536621094
29.842920303344727
-5.968757152557373
52.000526428222656
50.619529724121094
26.36711311340332
45.92466354370117
51.07827377319336
-2.8453783988952637
52.01540756225586
48.52465057373047
25.00999641418457
38.64325714111328
40.325958251953125
18.36174774169922
-6.769580841064453
17.124710083007812
50.97198486328125
40.118896484375
-6.624850273132324
14.921184539794922
51.489097595214844
30.539690017700195
-11.866291999816895
38.427608489990234
32.084144592285156
37.00193786621094
8.957154273986816
47.165557861328125
51.98177719116211
41.64045333862305
51.921730041503906
-5.7471537590026855
37.50226974487305
35.27772903442383
26.833070755004883
-6.088024616241455
48.890647888183594
19.647367477416992
36.86506652832031
48.40571594238281
51.99162292480469
5.746232986450195
44.98981857299805
-8.527674674987793
30.73972511291504
25.853281021118164
51.136600494384766
-7.746318817138672
43.55834197998047
42.551082611083984
41.5864143371582
31.229455947875977
51.78832244873047
51.047855377197266
-3.421565532684326
49.97660446166992
51.148338317871094
50.99505615234375
52.056602478027344
26.893634796142578
2.3134775161743164
43.0599479675293
51.876075744628906
-5.157673358917236
45.315216064453125
36.18711471557617
36.074615478515625
38.370174407958984
51.3332633972168
39.1185302734375
-9.065110206604004
-4.811470985412598
35.28349685668945
36.73183822631836
44.41769027709961
38.348060607910156
51.735321044921875
48.63912582397461
-4.925141334533691
49.13486099243164
51.90830993652344
45.442230224609375
49.02802276611328
51.13080596923828
48.340972900390625
-7.004148483276367
51.95195388793945
51.47886657714844
51.224544525146484
45.50192642211914
34.7760124206543
17.37273597717285
42.94048309326172
-5.738406181335449
51.71766662597656
14.787166595458984
-5.25058650970459
4.2275824546813965
16.981149673461914
10.29094123840332
51.950111389160156
-2.672210216522217
10.21967601776123
41.944740295410156
51.77787780761719
-7.490017414093018
13.184306144714355
40.59102249145508
38.63725280761719
24.613920211791992
47.397735595703125
-5.072810173034668
51.26182556152344
41.36269760131836
23.83328628540039
29.30348777770996
0.34878087043762207
32.480430603027344
50.97003173828125
29.129451751708984
25.638429641723633
3.2879724502563477
-8.267596244812012
31.11004638671875
51.72529983520508
49.71429443359375
-6.04121732711792
49.389930725097656
51.97172546386719
51.39883804321289
51.472923278808594
-4.722780227661133
37.87985610961914
43.35582733154297
49.19851303100586
49.855628967285156
51.99015426635742
30.31526756286621
47.25543212890625
-6.394397735595703
0.5743784308433533
41.199867248535156
51.73228073120117
38.00205993652344
51.82310485839844
-4.390786170959473
33.15348815917969
33.51791763305664
27.884225845336914
37.713043212890625
24.149398803710938
51.775184631347656
51.907676696777344
49.46603775024414
52.051116943359375
-4.154767990112305
44.206947326660156
20.53527069091797
52.04912567138672
27.193531036376953
51.743743896484375
20.378110885620117
51.21484375
26.15754508972168
16.29545021057129
-4.747385025024414
32.50787353515625
24.184722900390625
50.53123474121094
47.43617248535156
51.90208435058594
9.750038146972656
-1.9451322555541992
-5.779217720031738
51.68379592895508
7.200430870056152
34.56669616699219
40.2248649597168
24.965375900268555
-3.220524311065674
17.463876724243164
-3.2530951499938965
50.920352935791016
30.26405906677246
33.84928894042969
40.40005874633789
51.06581115722656
51.26194381713867
-6.91072416305542
35.79648971557617
51.93928527832031
-1.0251814126968384
26.61463737487793
43.87708282470703
-1.689298152923584
23.403120040893555
51.86085510253906
44.311309814453125
51.41791534423828
33.689796447753906
-5.533664703369141
33.137908935546875
12.133084297180176
-4.462677955627441
50.30427551269531
48.23196792602539
51.973819732666016
49.72160339355469
46.56470489501953
32.43857955932617
35.20886993408203
34.774497985839844
52.009918212890625
-1.6717736721038818
50.26458740234375
29.540122985839844
33.34429168701172
-7.955322265625
48.90913772583008
20.724924087524414
23.50007438659668
34.99297332763672
39.960147857666016
46.963077545166016
51.69258117675781
38.211360931396484
-4.183723449707031
10.387744903564453
51.28759765625
-7.1693196296691895
45.96585464477539
45.07270812988281
16.98509407043457
-6.145533561706543
35.671592712402344
17.67634391784668
50.57194519042969
41.329959869384766
27.142173767089844
31.19317054748535
51.80653762817383
43.68888854980469
-2.630739212036133
41.78350067138672
28.853723526000977
51.9517822265625
52.06163024902344
52.02372741699219
1.8021796941757202
51.978515625
51.9517822265625
33.839439392089844
51.25205612182617
17.855632781982422
6.631422996520996
14.958097457885742
-5.948454856872559
13.526137351989746
36.0964469909668
8.530388832092285
-8.659016609191895
-1.7777479887008667
-9.572098731994629
46.68063735961914
47.4742431640625
42.9039306640625
51.731536865234375
-5.2623090744018555
48.25694274902344
18.5239315032959
51.72324752807617
42.119834899902344
-0.8033371567726135
37.42292022705078
-8.052717208862305
35.54380416870117
51.5524787902832
42.81993103027344
46.71995544433594
43.50379943847656
9.962265968322754
45.69065856933594
3.5656285285949707
48.778045654296875
-6.689598083496094
33.75688552856445
51.671875
22.36276626586914
20.509061813354492
24.737051010131836
-6.973325252532959
7.813852310180664
49.936988830566406
29.664560317993164
-5.857663631439209
25.996366500854492
50.05768966674805
16.303600311279297
27.16936683654785
51.43547821044922
51.24783706665039
46.838409423828125
7.359350204467773
50.830841064453125
52.058170318603516
23.773893356323242
-4.264764785766602
39.847599029541016
50.49011993408203
17.90911102294922
51.993492126464844
47.4423828125
-6.181405544281006
42.52198791503906
51.88682556152344
14.03977108001709
30.767532348632812
-8.246536254882812
45.517032623291016
46.11198806762695
40.125465393066406
44.782073974609375
51.39146423339844
51.117401123046875
51.996788024902344
50.70537185668945
-3.5034308433532715
51.308799743652344
42.70933532714844
-7.776369094848633
-8.093255996704102
0.15142452716827393
15.268235206604004
14.12962818145752
46.14466857910156
50.72616195678711
51.44358825683594
47.445640563964844
51.28999328613281
-4.263666152954102
51.98188400268555
38.12492752075195
38.533721923828125
-7.782769203186035
50.28371810913086
31.82913589477539
30.3045654296875
49.113616943359375
46.50482177734375
43.48638916015625
2.889578104019165
-5.911131858825684
51.421775817871094
46.35491943359375
51.976417541503906
39.39881134033203
49.71674346923828
44.42218780517578
-3.518911361694336
-3.765886068344116
23.880725860595703
49.03392028808594
51.795841217041016
47.332366943359375
34.114356994628906
39.744266510009766
41.915035247802734
50.57746887207031
41.9038200378418
-5.423612594604492
52.02344512939453
-7.886981964111328
38.34549331665039
34.501243591308594
51.319679260253906
12.942814826965332
26.617963790893555
30.362192153930664
43.294700622558594
-5.427911758422852
51.1566162109375
10.169023513793945
29.3244571685791
-0.02006082981824875
7.200470924377441
5.674444198608398
48.96928405761719
9.293221473693848
-7.304958343505859
50.74095153808594
52.01435089111328
23.01970863342285
43.832618713378906
41.91453170776367
-5.20082950592041
-4.832231521606445
52.00077819824219
51.766632080078125
51.69091796875
51.76512908935547
30.133861541748047
32.7629280090332
47.02174758911133
45.83320617675781
25.815139770507812
-7.538492202758789
51.400901794433594
34.961883544921875
-2.6411430835723877
34.46027374267578
51.662681579589844
8.580270767211914
-3.8545024394989014
51.743587493896484
-4.3152174949646
51.52880096435547
51.84545135498047
51.7235107421875
52.03043746948242
51.42865753173828
51.888916015625
48.19223403930664
-5.754337310791016
48.64683532714844
42.61735534667969
50.99443817138672
51.23583221435547
50.77654266357422
52.038692474365234
-1.357895016670227
36.861976623535156
-10.355128288269043
32.09144973754883
33.349876403808594
13.922318458557129
19.685270309448242
50.86016082763672
48.36774444580078
52.03058624267578
-0.4961051344871521
51.3900146484375
45.74931716918945
23.38657569885254
48.877437591552734
48.650115966796875
27.212472915649414
-3.935880184173584
51.29022216796875
51.98011016845703
-0.5021184682846069
40.71542739868164
38.906219482421875
47.235084533691406
44.39731979370117
51.79326248168945
33.21107482910156
17.804946899414062
-3.4351673126220703
26.382349014282227
47.20035171508789
51.3887939453125
-4.5617241859436035
31.655799865722656
39.754905700683594
50.26702880859375
-7.552454948425293
31.426536560058594
50.008262634277344
50.935394287109375
51.56488800048828
52.03895568847656
28.7199649810791
-1.63034188747406
42.66981887817383
33.03171920776367
6.417718410491943
51.88990783691406
49.625484466552734
0.9772742390632629
27.7287540435791
25.01654624938965
23.055885314941406
15.868157386779785
-6.136470794677734
50.65199661254883
18.563457489013672
51.01329803466797
46.320152282714844
-4.194003105163574
51.11988067626953
51.84062576293945
39.591957092285156
-6.978580474853516
50.201393127441406
49.677669525146484
32.620635986328125
51.67802810668945
44.160423278808594
46.84900665283203
50.10204315185547
51.93667221069336
-4.8591718673706055
46.39570617675781
44.040504455566406
50.514305114746094
-6.267618656158447
6.742679595947266
42.09385681152344
32.16056823730469
25.97783851623535
51.51353454589844
40.626304626464844
-8.427031517028809
46.149784088134766
35.54490280151367
1.5624825954437256
-1.6071914434432983
-1.8249772787094116
51.99468994140625
-2.9397785663604736
5.685969829559326
44.783363342285156
1.108474612236023
48.08903503417969
51.63922119140625
41.71874237060547
-8.08909797668457
11.52089786529541
33.641273498535156
0.4979139566421509
51.78870391845703
48.40673828125
16.32728385925293
16.1525821685791
23.68876838684082
37.25843048095703
51.720001220703125
-5.637121200561523
41.933013916015625
41.41979217529297
26.93269920349121
-7.877815246582031
40.806678771972656
-6.279023170471191
51.75168228149414
50.66621780395508
-7.033883094787598
45.501033782958984
41.617034912109375
47.823638916015625
51.768585205078125
-5.649774551391602
51.042972564697266
26.41592025756836
10.725144386291504
24.444913864135742
10.092714309692383
