-1.4100472927093506
51.99853515625
-3.920938014984131
48.902008056640625
-1.3673999309539795
45.59528732299805
46.41846466064453
51.92140579223633
42.22438049316406
16.007272720336914
45.949806213378906
12.068058013916016
38.802589416503906
-4.087087154388428
-1.5489715337753296
51.5177001953125
13.982426643371582
35.37869644165039
30.868322372436523
51.90950012207031
49.52942657470703
44.67607116699219
24.134363174438477
-2.981632709503174
51.14502716064453
52.04791259765625
2.174614191055298
49.514095306396484
32.40716552734375
51.16687774658203
-0.8324349522590637
0.8956670165061951
39.79657745361328
14.3532133102417
19.5314884185791
51.97333908081055
5.40753173828125
21.122756958007812
4.167309761047363
15.434832572937012
46.1065673828125
51.85808563232422
51.415775299072266
50.647422790527344
10.77507495880127
52.03792953491211
46.98664093017578
28.26512908935547
9.65273380279541
47.232948303222656
45.847618103027344
-0.05936794728040695
35.779808044433594
51.87933349609375
45.67112731933594
52.000179290771484
-4.931466102600098
48.76213836669922
4.0587263107299805
48.01068878173828
36.28947830200195
48.26276779174805
50.69260787963867
52.01292419433594
49.085227966308594
5.227341651916504
-6.117005348205566
51.90058135986328
45.30291748046875
50.17646789550781
41.914459228515625
19.904582977294922
6.830687046051025
-6.670287609100342
48.843971252441406
-5.031246185302734
37.95458984375
51.81858444213867
38.64495086669922
-7.616185188293457
-9.485794067382812
51.16984939575195
-3.161223888397217
-5.33798360824585
-6.976649284362793
-5.362130165100098
-7.219935417175293
51.87590026855469
50.15061950683594
-3.366521120071411
2.135873794555664
46.98550796508789
48.308738708496094
51.983551025390625
47.196083068847656
46.19386291503906
-2.68359637260437
47.99555587768555
-2.1428704261779785
51.9749755859375
2.394082546234131
36.20353317260742
-4.189899444580078
46.56728744506836
3.3624086380004883
51.25352478027344
13.327075958251953
-7.974370002746582
19.62607192993164
48.021663665771484
-4.523880958557129
51.994476318359375
50.57078552246094
-5.725533962249756
17.302488327026367
51.80712890625
43.724369049072266
-4.328524112701416
20.14421272277832
13.336689949035645
8.892106056213379
42.75907897949219
51.472747802734375
44.988399505615234
-3.089272975921631
51.99200439453125
11.882914543151855
27.32880210876465
-5.2884016036987305
44.22631072998047
-2.9615089893341064
51.84223937988281
26.258169174194336
-6.161685943603516
26.749589920043945
48.76712417602539
2.841644287109375
52.009437561035156
39.24740219116211
1.0948259830474854
-4.72869873046875
51.66374588012695
-6.646823883056641
48.04912567138672
-2.5352530479431152
47.23615264892578
46.16503143310547
41.125118255615234
-3.2939653396606445
51.91913604736328
45.159610748291016
39.969970703125
15.51343059539795
21.211320877075195
24.933198928833008
51.157657623291016
-6.316345691680908
51.180519104003906
41.283180236816406
-7.116205215454102
-3.9769372940063477
-7.32106876373291
4.072633743286133
30.87530517578125
45.500816345214844
52.04487228393555
44.843475341796875
51.424476623535156
12.102911949157715
51.9871940612793
49.908992767333984
-2.6256327629089355
-5.569308280944824
38.5200080871582
10.598184585571289
51.879798889160156
-2.912919044494629
37.02861785888672
-1.3948473930358887
18.609224319458008
29.894311904907227
51.95465087890625
-1.4790769815444946
-6.531339645385742
22.41034507751465
-4.594146728515625
49.264949798583984
0.853602945804596
-1.4468361139297485
26.937280654907227
47.57008361816406
52.02257537841797
50.61426544189453
28.569894790649414
-3.899542808532715
52.01715087890625
0.2574247121810913
-2.9130897521972656
-1.7216492891311646
50.38495635986328
-5.893502235412598
-5.934438705444336
16.1744441986084
-0.5005651116371155
48.83698272705078
52.0085334777832
-1.952980875968933
46.98794937133789
50.44953918457031
48.93920135498047
22.338748931884766
-6.9655442237854
-5.829765796661377
3.339060068130493
48.03649139404297
51.91557312011719
36.73505783081055
36.18976974487305
2.025555372238159
51.911441802978516
2.129695177078247
30.068124771118164
-6.420741558074951
41.45195007324219
-2.947554349899292
52.034080505371094
51.79355239868164
8.332071304321289
26.844011306762695
24.4848575592041
-8.703585624694824
51.47624206542969
-7.4214701652526855
-9.14090347290039
-7.080843925476074
-1.5429623126983643
9.419256210327148
-2.5798962116241455
27.675886154174805
51.68422317504883
43.77173614501953
49.35063934326172
2.4357292652130127
49.46744918823242
0.3004246950149536
52.02620315551758
-1.1336019039154053
50.78783416748047
5.356710433959961
8.745158195495605
4.425290107727051
-3.622971534729004
35.27564239501953
11.924619674682617
-0.2802932858467102
51.52659225463867
-7.773399353027344
-4.536349296569824
-4.0270514488220215
47.40364074707031
47.72218322753906
51.95458221435547
-1.9651583433151245
32.91222381591797
-3.5772593021392822
-5.585150718688965
-4.857640266418457
-5.3643341064453125
45.92915725708008
51.943824768066406
-6.906444549560547
41.580848693847656
-10.716635704040527
51.50926208496094
44.74113464355469
40.269412994384766
13.512049674987793
51.95320129394531
5.556337356567383
-0.9030255675315857
42.19265365600586
-1.0289124250411987
46.50992965698242
9.216981887817383
45.99151611328125
50.34218978881836
50.7534294128418
52.046730041503906
7.6592817306518555
47.5752067565918
43.88417053222656
51.964176177978516
-3.161972999572754
44.527862548828125
-5.167062759399414
-4.127092361450195
32.89695358276367
-4.017175197601318
-3.598651170730591
51.24367904663086
11.690869331359863
52.00445556640625
-3.9779880046844482
-3.813438653945923
48.50392150878906
50.273597717285156
-4.97678804397583
51.91531753540039
48.10188293457031
8.445310592651367
0.4506710171699524
0.9265719652175903
33.577598571777344
51.92622375488281
48.88037109375
-3.647019863128662
-6.8455810546875
-6.2760162353515625
-2.1265313625335693
51.94139099121094
-2.352968215942383
32.61986541748047
20.39176368713379
30.911603927612305
29.55113410949707
-5.685985565185547
40.75433349609375
27.754478454589844
50.10246276855469
51.81599807739258
-6.332800388336182
51.960845947265625
-6.898157119750977
41.0399169921875
-5.177820205688477
45.4819221496582
48.9117317199707
-2.329463243484497
31.11734962463379
40.871707916259766
48.729557037353516
52.03468322753906
-5.629128932952881
-6.3021979331970215
48.88523864746094
-1.2822641134262085
-4.078329563140869
51.875640869140625
43.37715530395508
-5.899197101593018
16.997055053710938
-2.9820194244384766
-4.994368076324463
51.976627349853516
44.16553497314453
-2.911332130432129
-4.112922191619873
51.99405288696289
40.214263916015625
46.70276641845703
-2.7451040744781494
51.79291915893555
-4.261030673980713
52.04379653930664
9.429232597351074
-1.2524876594543457
9.648907661437988
-4.176098346710205
31.162044525146484
48.233734130859375
-1.3387829065322876
-6.299578666687012
2.8859071731567383
50.7575569152832
17.06754493713379
22.659757614135742
48.65582275390625
52.024871826171875
-2.695986270904541
-5.133330345153809
32.16550064086914
-5.0345258712768555
-4.8031158447265625
51.5111083984375
-5.509099960327148
-7.037338733673096
21.810016632080078
34.57991409301758
2.084144115447998
51.516876220703125
37.30072021484375
42.970279693603516
-5.899745464324951
41.434226989746094
11.002396583557129
51.7902946472168
43.32438659667969
-4.744386672973633
39.97058868408203
51.76161193847656
44.10713195800781
-5.418038845062256
44.73162078857422
35.905548095703125
0.36773020029067993
52.00944519042969
20.209203720092773
27.197097778320312
-2.707542896270752
-6.038122653961182
31.24637794494629
50.04063415527344
27.18621253967285
-5.007018566131592
-4.138121128082275
-5.0593767166137695
12.692360877990723
22.94989776611328
12.586570739746094
49.868831634521484
-5.938984394073486
49.50782012939453
33.027992248535156
17.02916145324707
30.51015281677246
-4.733776092529297
50.08129119873047
0.7321746945381165
21.976085662841797
52.00144958496094
22.203027725219727
28.54093360900879
-7.397350311279297
-3.1328516006469727
-7.251199722290039
46.617897033691406
48.98920440673828
51.90237808227539
44.118743896484375
0.6749023199081421
-5.128295421600342
-6.311138153076172
42.003116607666016
51.92021179199219
12.353593826293945
-3.5045883655548096
-8.974225044250488
7.032871723175049
-3.232509136199951
51.67567443847656
-5.544649124145508
40.87853240966797
47.622283935546875
1.5894407033920288
-3.3809242248535156
52.00543212890625
-6.980709552764893
51.95766830444336
4.673741340637207
-3.9584875106811523
44.9836311340332
-6.653298377990723
-6.490747451782227
-5.254942893981934
1.9154818058013916
50.470890045166016
47.01327133178711
51.99244689941406
42.11418533325195
51.61665344238281
1.4707015752792358
27.98064613342285
-7.6457366943359375
8.94731616973877
41.63884735107422
52.042724609375
41.69005584716797
5.604520320892334
7.243232727050781
50.66673278808594
11.169190406799316
32.44514465332031
-0.7810832858085632
50.5897102355957
47.28631591796875
52.016239166259766
-4.083761692047119
-0.8286781311035156
48.952857971191406
52.001956939697266
36.41084289550781
-3.4049015045166016
-5.258062362670898
-5.905094623565674
-2.6438512802124023
51.656578063964844
6.055160999298096
4.56352424621582
14.957777976989746
-5.374505996704102
-11.30759048461914
50.375511169433594
-1.5565465688705444
22.600265502929688
-5.928796768188477
52.03426742553711
-2.036996603012085
51.0736083984375
50.8880729675293
-7.266726016998291
-4.100640296936035
-3.0199289321899414
33.126365661621094
4.711388111114502
47.511192321777344
51.913658142089844
40.28261184692383
-6.693515777587891
-6.416016578674316
-6.000873565673828
16.433801651000977
51.71102523803711
44.95008087158203
-7.535463333129883
46.411582946777344
51.76972198486328
-6.038364410400391
-8.417616844177246
48.998329162597656
-0.5772861242294312
50.21495819091797
51.964820861816406
49.052772521972656
11.682497024536133
14.169218063354492
51.922977447509766
44.498924255371094
-3.540543794631958
15.147700309753418
34.43434143066406
8.335494041442871
50.31365966796875
10.234864234924316
-5.712930202484131
-4.097640037536621
30.790056228637695
-8.861715316772461
38.478477478027344
-0.9437297582626343
3.122931480407715
-8.961609840393066
51.800270080566406
1.7824970483779907
51.854209899902344
21.798748016357422
3.8044400215148926
3.384979724884033
-1.1622140407562256
-7.4123616218566895
51.750457763671875
-6.314055442810059
46.00843048095703
45.98734664916992
50.14008331298828
3.630741596221924
39.82422637939453
5.071532726287842
52.020286560058594
8.083658218383789
34.50328063964844
-4.871664047241211
51.97252655029297
-3.9621105194091797
-4.844353199005127
-5.927395820617676
-0.7569399476051331
-6.529570579528809
51.9152946472168
-4.017505645751953
-0.2874864935874939
-6.0607476234436035
25.871004104614258
48.31261444091797
51.98928451538086
6.97858190536499
45.945777893066406
41.8770866394043
40.8927001953125
4.0797834396362305
52.0257568359375
36.18523406982422
-1.1278795003890991
7.2463812828063965
-2.2243523597717285
